N_S_pad = 0, N_Group_S_pad = 384, N_Group_T_pad = 384
F_input done.
Neuron Initialization done.
Synapses Connectivity Initialization done.
Synapses Initialization done.
timesteps=4
Input Spikes Initialization done.
Writing to LMem.
Neurons Write Done.
Synapses Write Done.
Running on DFE.
249205632033 max_ticks
11799584 ticks
rec = 0
rec = 0, step = 0
DFE Runtime = 430.9700940 seconds
memory_reads = 4.925550, memory_writes = 6.284518, DFE_time = 430.970094
vt
1.79999992e-02
1.79999992e-02
1.79999992e-02
1.79999992e-02
1.79999992e-02
1.79999992e-02
1.79999992e-02
1.79999992e-02
1.79999992e-02
1.79999992e-02
1.79999992e-02
1.79999992e-02
1.79999992e-02
1.79999992e-02
1.79999992e-02
1.79999992e-02
1.79999992e-02
1.79999992e-02
1.79999992e-02
1.79999992e-02
1.79999992e-02
1.79999992e-02
1.79999992e-02
1.79999992e-02
1.79999992e-02
1.79999992e-02
1.79999992e-02
1.79999992e-02
1.79999992e-02
1.79999992e-02
1.79999992e-02
1.79999992e-02
1.79999992e-02
1.79999992e-02
1.79999992e-02
1.79999992e-02
1.79999992e-02
1.79999992e-02
1.79999992e-02
1.79999992e-02
1.79999992e-02
1.79999992e-02
1.79999992e-02
1.79999992e-02
1.79999992e-02
1.79999992e-02
1.79999992e-02
1.79999992e-02
1.79999992e-02
1.79999992e-02
1.79999992e-02
1.79999992e-02
1.79999992e-02
1.79999992e-02
1.79999992e-02
1.79999992e-02
1.79999992e-02
1.79999992e-02
1.79999992e-02
1.79999992e-02
1.79999992e-02
1.79999992e-02
1.79999992e-02
1.79999992e-02
1.79999992e-02
1.79999992e-02
1.79999992e-02
1.79999992e-02
1.79999992e-02
1.79999992e-02
1.79999992e-02
1.79999992e-02
1.79999992e-02
1.79999992e-02
1.79999992e-02
1.79999992e-02
1.79999992e-02
1.79999992e-02
1.79999992e-02
1.79999992e-02
1.79999992e-02
1.79999992e-02
1.79999992e-02
1.79999992e-02
1.79999992e-02
1.79999992e-02
1.79999992e-02
1.79999992e-02
1.79999992e-02
1.79999992e-02
1.79999992e-02
1.79999992e-02
1.79999992e-02
1.79999992e-02
1.79999992e-02
1.79999992e-02
1.79999992e-02
1.79999992e-02
1.79999992e-02
1.79999992e-02
1.79999992e-02
1.79999992e-02
1.79999992e-02
1.79999992e-02
1.79999992e-02
1.79999992e-02
1.79999992e-02
1.79999992e-02
1.79999992e-02
1.79999992e-02
1.79999992e-02
1.79999992e-02
1.79999992e-02
1.79999992e-02
1.79999992e-02
1.79999992e-02
1.79999992e-02
1.79999992e-02
1.79999992e-02
1.79999992e-02
1.79999992e-02
1.79999992e-02
1.79999992e-02
1.79999992e-02
1.79999992e-02
1.79999992e-02
1.79999992e-02
1.79999992e-02
1.79999992e-02
1.79999992e-02
1.79999992e-02
1.79999992e-02
1.79999992e-02
1.79999992e-02
1.79999992e-02
1.79999992e-02
1.79999992e-02
1.79999992e-02
1.79999992e-02
1.79999992e-02
1.79999992e-02
1.79999992e-02
1.79999992e-02
1.79999992e-02
1.79999992e-02
1.79999992e-02
1.79999992e-02
1.79999992e-02
1.79999992e-02
1.79999992e-02
1.79999992e-02
1.79999992e-02
1.79999992e-02
1.79999992e-02
1.79999992e-02
1.79999992e-02
1.79999992e-02
1.79999992e-02
1.79999992e-02
1.79999992e-02
1.79999992e-02
1.79999992e-02
1.79999992e-02
1.79999992e-02
1.79999992e-02
1.79999992e-02
1.79999992e-02
1.79999992e-02
1.79999992e-02
1.79999992e-02
1.79999992e-02
1.79999992e-02
1.79999992e-02
1.79999992e-02
1.79999992e-02
1.79999992e-02
1.79999992e-02
1.79999992e-02
1.79999992e-02
1.79999992e-02
1.79999992e-02
1.79999992e-02
1.79999992e-02
1.79999992e-02
1.79999992e-02
1.79999992e-02
1.79999992e-02
1.79999992e-02
1.79999992e-02
1.79999992e-02
1.79999992e-02
1.79999992e-02
1.79999992e-02
1.79999992e-02
1.79999992e-02
1.79999992e-02
1.79999992e-02
1.79999992e-02
1.79999992e-02
1.79999992e-02
1.79999992e-02
1.79999992e-02
1.79999992e-02
1.79999992e-02
1.79999992e-02
1.79999992e-02
1.79999992e-02
1.79999992e-02
1.79999992e-02
1.79999992e-02
1.79999992e-02
1.79999992e-02
1.79999992e-02
1.79999992e-02
1.79999992e-02
1.79999992e-02
1.79999992e-02
1.79999992e-02
1.79999992e-02
1.79999992e-02
1.79999992e-02
1.79999992e-02
1.79999992e-02
1.79999992e-02
1.79999992e-02
1.79999992e-02
1.79999992e-02
1.79999992e-02
1.79999992e-02
1.79999992e-02
1.79999992e-02
1.79999992e-02
1.79999992e-02
1.79999992e-02
1.79999992e-02
1.79999992e-02
1.79999992e-02
1.79999992e-02
1.79999992e-02
1.79999992e-02
1.79999992e-02
1.79999992e-02
1.79999992e-02
1.79999992e-02
1.79999992e-02
1.79999992e-02
1.79999992e-02
1.79999992e-02
1.79999992e-02
1.79999992e-02
1.79999992e-02
1.79999992e-02
1.79999992e-02
1.79999992e-02
1.79999992e-02
1.79999992e-02
1.79999992e-02
1.79999992e-02
1.79999992e-02
1.79999992e-02
1.79999992e-02
1.79999992e-02
1.79999992e-02
1.79999992e-02
1.79999992e-02
1.79999992e-02
1.79999992e-02
1.79999992e-02
1.79999992e-02
1.79999992e-02
1.79999992e-02
1.79999992e-02
1.79999992e-02
1.79999992e-02
1.79999992e-02
1.79999992e-02
1.79999992e-02
1.79999992e-02
1.79999992e-02
1.79999992e-02
1.79999992e-02
1.79999992e-02
1.79999992e-02
1.79999992e-02
1.79999992e-02
1.79999992e-02
1.79999992e-02
1.79999992e-02
1.79999992e-02
1.79999992e-02
1.79999992e-02
1.79999992e-02
1.79999992e-02
1.79999992e-02
1.79999992e-02
1.79999992e-02
1.79999992e-02
1.79999992e-02
1.79999992e-02
1.79999992e-02
1.79999992e-02
1.79999992e-02
1.79999992e-02
1.79999992e-02
1.79999992e-02
1.79999992e-02
1.79999992e-02
1.79999992e-02
1.79999992e-02
1.79999992e-02
1.79999992e-02
1.79999992e-02
1.79999992e-02
1.79999992e-02
1.79999992e-02
1.79999992e-02
1.79999992e-02
1.79999992e-02
1.79999992e-02
1.79999992e-02
1.79999992e-02
1.79999992e-02
1.79999992e-02
1.79999992e-02
1.79999992e-02
1.79999992e-02
1.79999992e-02
1.79999992e-02
1.79999992e-02
1.79999992e-02
1.79999992e-02
1.79999992e-02
1.79999992e-02
1.79999992e-02
1.79999992e-02
1.79999992e-02
1.79999992e-02
1.79999992e-02
1.79999992e-02
1.79999992e-02
1.79999992e-02
1.79999992e-02
1.79999992e-02
1.79999992e-02
1.79999992e-02
1.79999992e-02
1.79999992e-02
1.79999992e-02
1.79999992e-02
1.79999992e-02
1.79999992e-02
1.79999992e-02
1.79999992e-02
1.79999992e-02
1.79999992e-02
1.79999992e-02
1.79999992e-02
1.79999992e-02
1.79999992e-02
1.79999992e-02
1.79999992e-02
1.79999992e-02
1.79999992e-02
1.79999992e-02
1.79999992e-02
1.79999992e-02
1.79999992e-02
1.79999992e-02
1.79999992e-02
1.79999992e-02
1.79999992e-02
1.79999992e-02
1.79999992e-02
1.79999992e-02
1.79999992e-02
1.79999992e-02
1.79999992e-02
1.79999992e-02
1.79999992e-02
1.79999992e-02
1.79999992e-02
1.79999992e-02
1.79999992e-02
1.79999992e-02
Spike
1.00000000e+00
1.00000000e+00
1.00000000e+00
1.00000000e+00
1.00000000e+00
1.00000000e+00
1.00000000e+00
1.00000000e+00
1.00000000e+00
1.00000000e+00
1.00000000e+00
1.00000000e+00
1.00000000e+00
1.00000000e+00
1.00000000e+00
1.00000000e+00
1.00000000e+00
1.00000000e+00
1.00000000e+00
1.00000000e+00
1.00000000e+00
1.00000000e+00
1.00000000e+00
1.00000000e+00
1.00000000e+00
1.00000000e+00
1.00000000e+00
1.00000000e+00
1.00000000e+00
1.00000000e+00
1.00000000e+00
1.00000000e+00
1.00000000e+00
1.00000000e+00
1.00000000e+00
1.00000000e+00
1.00000000e+00
1.00000000e+00
1.00000000e+00
1.00000000e+00
1.00000000e+00
1.00000000e+00
1.00000000e+00
1.00000000e+00
1.00000000e+00
1.00000000e+00
1.00000000e+00
1.00000000e+00
1.00000000e+00
1.00000000e+00
1.00000000e+00
1.00000000e+00
1.00000000e+00
1.00000000e+00
1.00000000e+00
1.00000000e+00
1.00000000e+00
1.00000000e+00
1.00000000e+00
1.00000000e+00
1.00000000e+00
1.00000000e+00
1.00000000e+00
1.00000000e+00
1.00000000e+00
1.00000000e+00
1.00000000e+00
1.00000000e+00
1.00000000e+00
1.00000000e+00
1.00000000e+00
1.00000000e+00
1.00000000e+00
1.00000000e+00
1.00000000e+00
1.00000000e+00
1.00000000e+00
1.00000000e+00
1.00000000e+00
1.00000000e+00
1.00000000e+00
1.00000000e+00
1.00000000e+00
1.00000000e+00
1.00000000e+00
1.00000000e+00
1.00000000e+00
1.00000000e+00
1.00000000e+00
1.00000000e+00
1.00000000e+00
1.00000000e+00
1.00000000e+00
1.00000000e+00
1.00000000e+00
1.00000000e+00
1.00000000e+00
1.00000000e+00
1.00000000e+00
1.00000000e+00
1.00000000e+00
1.00000000e+00
1.00000000e+00
1.00000000e+00
1.00000000e+00
1.00000000e+00
1.00000000e+00
1.00000000e+00
1.00000000e+00
1.00000000e+00
1.00000000e+00
1.00000000e+00
1.00000000e+00
1.00000000e+00
1.00000000e+00
1.00000000e+00
1.00000000e+00
1.00000000e+00
1.00000000e+00
1.00000000e+00
1.00000000e+00
1.00000000e+00
1.00000000e+00
1.00000000e+00
1.00000000e+00
1.00000000e+00
1.00000000e+00
1.00000000e+00
1.00000000e+00
1.00000000e+00
1.00000000e+00
1.00000000e+00
1.00000000e+00
1.00000000e+00
1.00000000e+00
1.00000000e+00
1.00000000e+00
1.00000000e+00
1.00000000e+00
1.00000000e+00
1.00000000e+00
1.00000000e+00
1.00000000e+00
1.00000000e+00
1.00000000e+00
1.00000000e+00
1.00000000e+00
1.00000000e+00
1.00000000e+00
1.00000000e+00
1.00000000e+00
1.00000000e+00
1.00000000e+00
1.00000000e+00
1.00000000e+00
1.00000000e+00
1.00000000e+00
1.00000000e+00
1.00000000e+00
1.00000000e+00
1.00000000e+00
1.00000000e+00
1.00000000e+00
1.00000000e+00
1.00000000e+00
1.00000000e+00
1.00000000e+00
1.00000000e+00
1.00000000e+00
1.00000000e+00
1.00000000e+00
1.00000000e+00
1.00000000e+00
1.00000000e+00
1.00000000e+00
1.00000000e+00
1.00000000e+00
1.00000000e+00
1.00000000e+00
1.00000000e+00
1.00000000e+00
1.00000000e+00
1.00000000e+00
1.00000000e+00
1.00000000e+00
1.00000000e+00
1.00000000e+00
1.00000000e+00
1.00000000e+00
1.00000000e+00
1.00000000e+00
1.00000000e+00
1.00000000e+00
1.00000000e+00
1.00000000e+00
1.00000000e+00
1.00000000e+00
1.00000000e+00
1.00000000e+00
1.00000000e+00
1.00000000e+00
1.00000000e+00
1.00000000e+00
1.00000000e+00
1.00000000e+00
1.00000000e+00
1.00000000e+00
1.00000000e+00
1.00000000e+00
1.00000000e+00
1.00000000e+00
1.00000000e+00
1.00000000e+00
1.00000000e+00
1.00000000e+00
1.00000000e+00
1.00000000e+00
1.00000000e+00
1.00000000e+00
1.00000000e+00
1.00000000e+00
1.00000000e+00
1.00000000e+00
1.00000000e+00
1.00000000e+00
1.00000000e+00
1.00000000e+00
1.00000000e+00
1.00000000e+00
1.00000000e+00
1.00000000e+00
1.00000000e+00
1.00000000e+00
1.00000000e+00
1.00000000e+00
1.00000000e+00
1.00000000e+00
1.00000000e+00
1.00000000e+00
1.00000000e+00
1.00000000e+00
1.00000000e+00
1.00000000e+00
1.00000000e+00
1.00000000e+00
1.00000000e+00
1.00000000e+00
1.00000000e+00
1.00000000e+00
1.00000000e+00
1.00000000e+00
1.00000000e+00
1.00000000e+00
1.00000000e+00
1.00000000e+00
1.00000000e+00
1.00000000e+00
1.00000000e+00
1.00000000e+00
1.00000000e+00
1.00000000e+00
1.00000000e+00
1.00000000e+00
1.00000000e+00
1.00000000e+00
1.00000000e+00
1.00000000e+00
1.00000000e+00
1.00000000e+00
1.00000000e+00
1.00000000e+00
1.00000000e+00
1.00000000e+00
1.00000000e+00
1.00000000e+00
1.00000000e+00
1.00000000e+00
1.00000000e+00
1.00000000e+00
1.00000000e+00
1.00000000e+00
1.00000000e+00
1.00000000e+00
1.00000000e+00
1.00000000e+00
1.00000000e+00
1.00000000e+00
1.00000000e+00
1.00000000e+00
1.00000000e+00
1.00000000e+00
1.00000000e+00
1.00000000e+00
1.00000000e+00
1.00000000e+00
1.00000000e+00
1.00000000e+00
1.00000000e+00
1.00000000e+00
1.00000000e+00
1.00000000e+00
1.00000000e+00
1.00000000e+00
1.00000000e+00
1.00000000e+00
1.00000000e+00
1.00000000e+00
1.00000000e+00
1.00000000e+00
1.00000000e+00
1.00000000e+00
1.00000000e+00
1.00000000e+00
1.00000000e+00
1.00000000e+00
1.00000000e+00
1.00000000e+00
1.00000000e+00
1.00000000e+00
1.00000000e+00
1.00000000e+00
1.00000000e+00
1.00000000e+00
1.00000000e+00
1.00000000e+00
1.00000000e+00
1.00000000e+00
1.00000000e+00
1.00000000e+00
1.00000000e+00
1.00000000e+00
1.00000000e+00
1.00000000e+00
1.00000000e+00
1.00000000e+00
1.00000000e+00
1.00000000e+00
1.00000000e+00
1.00000000e+00
1.00000000e+00
1.00000000e+00
1.00000000e+00
1.00000000e+00
1.00000000e+00
1.00000000e+00
1.00000000e+00
1.00000000e+00
1.00000000e+00
1.00000000e+00
1.00000000e+00
1.00000000e+00
1.00000000e+00
1.00000000e+00
1.00000000e+00
1.00000000e+00
1.00000000e+00
1.00000000e+00
1.00000000e+00
1.00000000e+00
1.00000000e+00
1.00000000e+00
1.00000000e+00
1.00000000e+00
1.00000000e+00
1.00000000e+00
1.00000000e+00
1.00000000e+00
1.00000000e+00
1.00000000e+00
1.00000000e+00
1.00000000e+00
1.00000000e+00
1.00000000e+00
1.00000000e+00
1.00000000e+00
1.00000000e+00
1.00000000e+00
1.00000000e+00
1.00000000e+00
1.00000000e+00
1.00000000e+00
1.00000000e+00
1.00000000e+00
1.00000000e+00
ID
0.00000000e+00
6.00000000e+00
1.20000000e+01
1.80000000e+01
2.40000000e+01
3.00000000e+01
3.60000000e+01
4.20000000e+01
4.80000000e+01
5.40000000e+01
6.00000000e+01
6.60000000e+01
7.20000000e+01
7.80000000e+01
8.40000000e+01
9.00000000e+01
9.60000000e+01
1.02000000e+02
1.08000000e+02
1.14000000e+02
1.20000000e+02
1.26000000e+02
1.32000000e+02
1.38000000e+02
1.44000000e+02
1.50000000e+02
1.56000000e+02
1.62000000e+02
1.68000000e+02
1.74000000e+02
1.80000000e+02
1.86000000e+02
1.92000000e+02
1.98000000e+02
2.04000000e+02
2.10000000e+02
2.16000000e+02
2.22000000e+02
2.28000000e+02
2.34000000e+02
2.40000000e+02
2.46000000e+02
2.52000000e+02
2.58000000e+02
2.64000000e+02
2.70000000e+02
2.76000000e+02
2.82000000e+02
2.88000000e+02
2.94000000e+02
3.00000000e+02
3.06000000e+02
3.12000000e+02
3.18000000e+02
3.24000000e+02
3.30000000e+02
3.36000000e+02
3.42000000e+02
3.48000000e+02
3.54000000e+02
3.60000000e+02
3.66000000e+02
3.72000000e+02
3.78000000e+02
3.84000000e+02
3.90000000e+02
3.96000000e+02
4.02000000e+02
4.08000000e+02
4.14000000e+02
4.20000000e+02
4.26000000e+02
4.32000000e+02
4.38000000e+02
4.44000000e+02
4.50000000e+02
4.56000000e+02
4.62000000e+02
4.68000000e+02
4.74000000e+02
4.80000000e+02
4.86000000e+02
4.92000000e+02
4.98000000e+02
5.04000000e+02
5.10000000e+02
5.16000000e+02
5.22000000e+02
5.28000000e+02
5.34000000e+02
5.40000000e+02
5.46000000e+02
5.52000000e+02
5.58000000e+02
5.64000000e+02
5.70000000e+02
5.76000000e+02
5.82000000e+02
5.88000000e+02
5.94000000e+02
6.00000000e+02
6.06000000e+02
6.12000000e+02
6.18000000e+02
6.24000000e+02
6.30000000e+02
6.36000000e+02
6.42000000e+02
6.48000000e+02
6.54000000e+02
6.60000000e+02
6.66000000e+02
6.72000000e+02
6.78000000e+02
6.84000000e+02
6.90000000e+02
6.96000000e+02
7.02000000e+02
7.08000000e+02
7.14000000e+02
7.20000000e+02
7.26000000e+02
7.32000000e+02
7.38000000e+02
7.44000000e+02
7.50000000e+02
7.56000000e+02
7.62000000e+02
7.68000000e+02
7.74000000e+02
7.80000000e+02
7.86000000e+02
7.92000000e+02
7.98000000e+02
8.04000000e+02
8.10000000e+02
8.16000000e+02
8.22000000e+02
8.28000000e+02
8.34000000e+02
8.40000000e+02
8.46000000e+02
8.52000000e+02
8.58000000e+02
8.64000000e+02
8.70000000e+02
8.76000000e+02
8.82000000e+02
8.88000000e+02
8.94000000e+02
9.00000000e+02
9.06000000e+02
9.12000000e+02
9.18000000e+02
9.24000000e+02
9.30000000e+02
9.36000000e+02
9.42000000e+02
9.48000000e+02
9.54000000e+02
9.60000000e+02
9.66000000e+02
9.72000000e+02
9.78000000e+02
9.84000000e+02
9.90000000e+02
9.96000000e+02
1.00200000e+03
1.00800000e+03
1.01400000e+03
1.02000000e+03
1.02600000e+03
1.03200000e+03
1.03800000e+03
1.04400000e+03
1.05000000e+03
1.05600000e+03
1.06200000e+03
1.06800000e+03
1.07400000e+03
1.08000000e+03
1.08600000e+03
1.09200000e+03
1.09800000e+03
1.10400000e+03
1.11000000e+03
1.11600000e+03
1.12200000e+03
1.12800000e+03
1.13400000e+03
1.14000000e+03
1.14600000e+03
1.15200000e+03
1.15800000e+03
1.16400000e+03
1.17000000e+03
1.17600000e+03
1.18200000e+03
1.18800000e+03
1.19400000e+03
1.20000000e+03
1.20600000e+03
1.21200000e+03
1.21800000e+03
1.22400000e+03
1.23000000e+03
1.23600000e+03
1.24200000e+03
1.24800000e+03
1.25400000e+03
1.26000000e+03
1.26600000e+03
1.27200000e+03
1.27800000e+03
1.28400000e+03
1.29000000e+03
1.29600000e+03
1.30200000e+03
1.30800000e+03
1.31400000e+03
1.32000000e+03
1.32600000e+03
1.33200000e+03
1.33800000e+03
1.34400000e+03
1.35000000e+03
1.35600000e+03
1.36200000e+03
1.36800000e+03
1.37400000e+03
1.38000000e+03
1.38600000e+03
1.39200000e+03
1.39800000e+03
1.40400000e+03
1.41000000e+03
1.41600000e+03
1.42200000e+03
1.42800000e+03
1.43400000e+03
1.44000000e+03
1.44600000e+03
1.45200000e+03
1.45800000e+03
1.46400000e+03
1.47000000e+03
1.47600000e+03
1.48200000e+03
1.48800000e+03
1.49400000e+03
1.50000000e+03
1.50600000e+03
1.51200000e+03
1.51800000e+03
1.52400000e+03
1.53000000e+03
1.53600000e+03
1.54200000e+03
1.54800000e+03
1.55400000e+03
1.56000000e+03
1.56600000e+03
1.57200000e+03
1.57800000e+03
1.58400000e+03
1.59000000e+03
1.59600000e+03
1.60200000e+03
1.60800000e+03
1.61400000e+03
1.62000000e+03
1.62600000e+03
1.63200000e+03
1.63800000e+03
1.64400000e+03
1.65000000e+03
1.65600000e+03
1.66200000e+03
1.66800000e+03
1.67400000e+03
1.68000000e+03
1.68600000e+03
1.69200000e+03
1.69800000e+03
1.70400000e+03
1.71000000e+03
1.71600000e+03
1.72200000e+03
1.72800000e+03
1.73400000e+03
1.74000000e+03
1.74600000e+03
1.75200000e+03
1.75800000e+03
1.76400000e+03
1.77000000e+03
1.77600000e+03
1.78200000e+03
1.78800000e+03
1.79400000e+03
1.80000000e+03
1.80600000e+03
1.81200000e+03
1.81800000e+03
1.82400000e+03
1.83000000e+03
1.83600000e+03
1.84200000e+03
1.84800000e+03
1.85400000e+03
1.86000000e+03
1.86600000e+03
1.87200000e+03
1.87800000e+03
1.88400000e+03
1.89000000e+03
1.89600000e+03
1.90200000e+03
1.90800000e+03
1.91400000e+03
1.92000000e+03
1.92600000e+03
1.93200000e+03
1.93800000e+03
1.94400000e+03
1.95000000e+03
1.95600000e+03
1.96200000e+03
1.96800000e+03
1.97400000e+03
1.98000000e+03
1.98600000e+03
1.99200000e+03
1.99800000e+03
2.00400000e+03
2.01000000e+03
2.01600000e+03
2.02200000e+03
2.02800000e+03
2.03400000e+03
2.04000000e+03
2.04600000e+03
2.05200000e+03
2.05800000e+03
2.06400000e+03
2.07000000e+03
2.07600000e+03
2.08200000e+03
2.08800000e+03
2.09400000e+03
2.10000000e+03
2.10600000e+03
2.11200000e+03
2.11800000e+03
2.12400000e+03
2.13000000e+03
2.13600000e+03
2.14200000e+03
2.14800000e+03
2.15400000e+03
2.16000000e+03
2.16600000e+03
2.17200000e+03
2.17800000e+03
2.18400000e+03
2.19000000e+03
2.19600000e+03
2.20200000e+03
2.20800000e+03
2.21400000e+03
2.22000000e+03
2.22600000e+03
2.23200000e+03
2.23800000e+03
2.24400000e+03
2.25000000e+03
2.25600000e+03
2.26200000e+03
2.26800000e+03
2.27400000e+03
2.28000000e+03
2.28600000e+03
2.29200000e+03
2.29800000e+03
Neurons malloc done
Spike Array malloc done
Synapses malloc done
CPU Time: 0.166841
Acceleration: 0.000387
vt
1.79999992e-02
1.79999992e-02
1.79999992e-02
1.79999992e-02
1.79999992e-02
1.79999992e-02
1.79999992e-02
1.79999992e-02
1.79999992e-02
1.79999992e-02
1.79999992e-02
1.79999992e-02
1.79999992e-02
1.79999992e-02
1.79999992e-02
1.79999992e-02
1.79999992e-02
1.79999992e-02
1.79999992e-02
1.79999992e-02
1.79999992e-02
1.79999992e-02
1.79999992e-02
1.79999992e-02
1.79999992e-02
1.79999992e-02
1.79999992e-02
1.79999992e-02
1.79999992e-02
1.79999992e-02
1.79999992e-02
1.79999992e-02
1.79999992e-02
1.79999992e-02
1.79999992e-02
1.79999992e-02
1.79999992e-02
1.79999992e-02
1.79999992e-02
1.79999992e-02
1.79999992e-02
1.79999992e-02
1.79999992e-02
1.79999992e-02
1.79999992e-02
1.79999992e-02
1.79999992e-02
1.79999992e-02
1.79999992e-02
1.79999992e-02
1.79999992e-02
1.79999992e-02
1.79999992e-02
1.79999992e-02
1.79999992e-02
1.79999992e-02
1.79999992e-02
1.79999992e-02
1.79999992e-02
1.79999992e-02
1.79999992e-02
1.79999992e-02
1.79999992e-02
1.79999992e-02
1.79999992e-02
1.79999992e-02
1.79999992e-02
1.79999992e-02
1.79999992e-02
1.79999992e-02
1.79999992e-02
1.79999992e-02
1.79999992e-02
1.79999992e-02
1.79999992e-02
1.79999992e-02
1.79999992e-02
1.79999992e-02
1.79999992e-02
1.79999992e-02
1.79999992e-02
1.79999992e-02
1.79999992e-02
1.79999992e-02
1.79999992e-02
1.79999992e-02
1.79999992e-02
1.79999992e-02
1.79999992e-02
1.79999992e-02
1.79999992e-02
1.79999992e-02
1.79999992e-02
1.79999992e-02
1.79999992e-02
1.79999992e-02
1.79999992e-02
1.79999992e-02
1.79999992e-02
1.79999992e-02
1.79999992e-02
1.79999992e-02
1.79999992e-02
1.79999992e-02
1.79999992e-02
1.79999992e-02
1.79999992e-02
1.79999992e-02
1.79999992e-02
1.79999992e-02
1.79999992e-02
1.79999992e-02
1.79999992e-02
1.79999992e-02
1.79999992e-02
1.79999992e-02
1.79999992e-02
1.79999992e-02
1.79999992e-02
1.79999992e-02
1.79999992e-02
1.79999992e-02
1.79999992e-02
1.79999992e-02
1.79999992e-02
1.79999992e-02
1.79999992e-02
1.79999992e-02
1.79999992e-02
1.79999992e-02
1.79999992e-02
1.79999992e-02
1.79999992e-02
1.79999992e-02
1.79999992e-02
1.79999992e-02
1.79999992e-02
1.79999992e-02
1.79999992e-02
1.79999992e-02
1.79999992e-02
1.79999992e-02
1.79999992e-02
1.79999992e-02
1.79999992e-02
1.79999992e-02
1.79999992e-02
1.79999992e-02
1.79999992e-02
1.79999992e-02
1.79999992e-02
1.79999992e-02
1.79999992e-02
1.79999992e-02
1.79999992e-02
1.79999992e-02
1.79999992e-02
1.79999992e-02
1.79999992e-02
1.79999992e-02
1.79999992e-02
1.79999992e-02
1.79999992e-02
1.79999992e-02
1.79999992e-02
1.79999992e-02
1.79999992e-02
1.79999992e-02
1.79999992e-02
1.79999992e-02
1.79999992e-02
1.79999992e-02
1.79999992e-02
1.79999992e-02
1.79999992e-02
1.79999992e-02
1.79999992e-02
1.79999992e-02
1.79999992e-02
1.79999992e-02
1.79999992e-02
1.79999992e-02
1.79999992e-02
1.79999992e-02
1.79999992e-02
1.79999992e-02
1.79999992e-02
1.79999992e-02
1.79999992e-02
1.79999992e-02
1.79999992e-02
1.79999992e-02
1.79999992e-02
1.79999992e-02
1.79999992e-02
1.79999992e-02
1.79999992e-02
1.79999992e-02
1.79999992e-02
1.79999992e-02
1.79999992e-02
1.79999992e-02
1.79999992e-02
1.79999992e-02
1.79999992e-02
1.79999992e-02
1.79999992e-02
1.79999992e-02
1.79999992e-02
1.79999992e-02
1.79999992e-02
1.79999992e-02
1.79999992e-02
1.79999992e-02
1.79999992e-02
1.79999992e-02
1.79999992e-02
1.79999992e-02
1.79999992e-02
1.79999992e-02
1.79999992e-02
1.79999992e-02
1.79999992e-02
1.79999992e-02
1.79999992e-02
1.79999992e-02
1.79999992e-02
1.79999992e-02
1.79999992e-02
1.79999992e-02
1.79999992e-02
1.79999992e-02
1.79999992e-02
1.79999992e-02
1.79999992e-02
1.79999992e-02
1.79999992e-02
1.79999992e-02
1.79999992e-02
1.79999992e-02
1.79999992e-02
1.79999992e-02
1.79999992e-02
1.79999992e-02
1.79999992e-02
1.79999992e-02
1.79999992e-02
1.79999992e-02
1.79999992e-02
1.79999992e-02
1.79999992e-02
1.79999992e-02
1.79999992e-02
1.79999992e-02
1.79999992e-02
1.79999992e-02
1.79999992e-02
1.79999992e-02
1.79999992e-02
1.79999992e-02
1.79999992e-02
1.79999992e-02
1.79999992e-02
1.79999992e-02
1.79999992e-02
1.79999992e-02
1.79999992e-02
1.79999992e-02
1.79999992e-02
1.79999992e-02
1.79999992e-02
1.79999992e-02
1.79999992e-02
1.79999992e-02
1.79999992e-02
1.79999992e-02
1.79999992e-02
1.79999992e-02
1.79999992e-02
1.79999992e-02
1.79999992e-02
1.79999992e-02
1.79999992e-02
1.79999992e-02
1.79999992e-02
1.79999992e-02
1.79999992e-02
1.79999992e-02
1.79999992e-02
1.79999992e-02
1.79999992e-02
1.79999992e-02
1.79999992e-02
1.79999992e-02
1.79999992e-02
1.79999992e-02
1.79999992e-02
1.79999992e-02
1.79999992e-02
1.79999992e-02
1.79999992e-02
1.79999992e-02
1.79999992e-02
1.79999992e-02
1.79999992e-02
1.79999992e-02
1.79999992e-02
1.79999992e-02
1.79999992e-02
1.79999992e-02
1.79999992e-02
1.79999992e-02
1.79999992e-02
1.79999992e-02
1.79999992e-02
1.79999992e-02
1.79999992e-02
1.79999992e-02
1.79999992e-02
1.79999992e-02
1.79999992e-02
1.79999992e-02
1.79999992e-02
1.79999992e-02
1.79999992e-02
1.79999992e-02
1.79999992e-02
1.79999992e-02
1.79999992e-02
1.79999992e-02
1.79999992e-02
1.79999992e-02
1.79999992e-02
1.79999992e-02
1.79999992e-02
1.79999992e-02
1.79999992e-02
1.79999992e-02
1.79999992e-02
1.79999992e-02
1.79999992e-02
1.79999992e-02
1.79999992e-02
1.79999992e-02
1.79999992e-02
1.79999992e-02
1.79999992e-02
1.79999992e-02
1.79999992e-02
1.79999992e-02
1.79999992e-02
1.79999992e-02
1.79999992e-02
1.79999992e-02
1.79999992e-02
1.79999992e-02
1.79999992e-02
1.79999992e-02
1.79999992e-02
1.79999992e-02
1.79999992e-02
1.79999992e-02
1.79999992e-02
1.79999992e-02
1.79999992e-02
1.79999992e-02
1.79999992e-02
1.79999992e-02
1.79999992e-02
1.79999992e-02
1.79999992e-02
1.79999992e-02
1.79999992e-02
1.79999992e-02
1.79999992e-02
1.79999992e-02
1.79999992e-02
1.79999992e-02
1.79999992e-02
1.79999992e-02
1.79999992e-02
1.79999992e-02
1.79999992e-02
1.79999992e-02

vm
-7.06000030e-02
-7.06000030e-02
-7.06000030e-02
-7.06000030e-02
-7.06000030e-02
-7.06000030e-02
-7.06000030e-02
-7.06000030e-02
-7.06000030e-02
-7.06000030e-02
-7.06000030e-02
-7.06000030e-02
-7.06000030e-02
-7.06000030e-02
-7.06000030e-02
-7.06000030e-02
-7.06000030e-02
-7.06000030e-02
-7.06000030e-02
-7.06000030e-02
-7.06000030e-02
-7.06000030e-02
-7.06000030e-02
-7.06000030e-02
-7.06000030e-02
-7.06000030e-02
-7.06000030e-02
-7.06000030e-02
-7.06000030e-02
-7.06000030e-02
-7.06000030e-02
-7.06000030e-02
-7.06000030e-02
-7.06000030e-02
-7.06000030e-02
-7.06000030e-02
-7.06000030e-02
-7.06000030e-02
-7.06000030e-02
-7.06000030e-02
-7.06000030e-02
-7.06000030e-02
-7.06000030e-02
-7.06000030e-02
-7.06000030e-02
-7.06000030e-02
-7.06000030e-02
-7.06000030e-02
-7.06000030e-02
-7.06000030e-02
-7.06000030e-02
-7.06000030e-02
-7.06000030e-02
-7.06000030e-02
-7.06000030e-02
-7.06000030e-02
-7.06000030e-02
-7.06000030e-02
-7.06000030e-02
-7.06000030e-02
-7.06000030e-02
-7.06000030e-02
-7.06000030e-02
-7.06000030e-02
-7.06000030e-02
-7.06000030e-02
-7.06000030e-02
-7.06000030e-02
-7.06000030e-02
-7.06000030e-02
-7.06000030e-02
-7.06000030e-02
-7.06000030e-02
-7.06000030e-02
-7.06000030e-02
-7.06000030e-02
-7.06000030e-02
-7.06000030e-02
-7.06000030e-02
-7.06000030e-02
-7.06000030e-02
-7.06000030e-02
-7.06000030e-02
-7.06000030e-02
-7.06000030e-02
-7.06000030e-02
-7.06000030e-02
-7.06000030e-02
-7.06000030e-02
-7.06000030e-02
-7.06000030e-02
-7.06000030e-02
-7.06000030e-02
-7.06000030e-02
-7.06000030e-02
-7.06000030e-02
-7.06000030e-02
-7.06000030e-02
-7.06000030e-02
-7.06000030e-02
-7.06000030e-02
-7.06000030e-02
-7.06000030e-02
-7.06000030e-02
-7.06000030e-02
-7.06000030e-02
-7.06000030e-02
-7.06000030e-02
-7.06000030e-02
-7.06000030e-02
-7.06000030e-02
-7.06000030e-02
-7.06000030e-02
-7.06000030e-02
-7.06000030e-02
-7.06000030e-02
-7.06000030e-02
-7.06000030e-02
-7.06000030e-02
-7.06000030e-02
-7.06000030e-02
-7.06000030e-02
-7.06000030e-02
-7.06000030e-02
-7.06000030e-02
-7.06000030e-02
-7.06000030e-02
-7.06000030e-02
-7.06000030e-02
-7.06000030e-02
-7.06000030e-02
-7.06000030e-02
-7.06000030e-02
-7.06000030e-02
-7.06000030e-02
-7.06000030e-02
-7.06000030e-02
-7.06000030e-02
-7.06000030e-02
-7.06000030e-02
-7.06000030e-02
-7.06000030e-02
-7.06000030e-02
-7.06000030e-02
-7.06000030e-02
-7.06000030e-02
-7.06000030e-02
-7.06000030e-02
-7.06000030e-02
-7.06000030e-02
-7.06000030e-02
-7.06000030e-02
-7.06000030e-02
-7.06000030e-02
-7.06000030e-02
-7.06000030e-02
-7.06000030e-02
-7.06000030e-02
-7.06000030e-02
-7.06000030e-02
-7.06000030e-02
-7.06000030e-02
-7.06000030e-02
-7.06000030e-02
-7.06000030e-02
-7.06000030e-02
-7.06000030e-02
-7.06000030e-02
-7.06000030e-02
-7.06000030e-02
-7.06000030e-02
-7.06000030e-02
-7.06000030e-02
-7.06000030e-02
-7.06000030e-02
-7.06000030e-02
-7.06000030e-02
-7.06000030e-02
-7.06000030e-02
-7.06000030e-02
-7.06000030e-02
-7.06000030e-02
-7.06000030e-02
-7.06000030e-02
-7.06000030e-02
-7.06000030e-02
-7.06000030e-02
-7.06000030e-02
-7.06000030e-02
-7.06000030e-02
-7.06000030e-02
-7.06000030e-02
-7.06000030e-02
-7.06000030e-02
-7.06000030e-02
-7.06000030e-02
-7.06000030e-02
-7.06000030e-02
-7.06000030e-02
-7.06000030e-02
-7.06000030e-02
-7.06000030e-02
-7.06000030e-02
-7.06000030e-02
-7.06000030e-02
-7.06000030e-02
-7.06000030e-02
-7.06000030e-02
-7.06000030e-02
-7.06000030e-02
-7.06000030e-02
-7.06000030e-02
-7.06000030e-02
-7.06000030e-02
-7.06000030e-02
-7.06000030e-02
-7.06000030e-02
-7.06000030e-02
-7.06000030e-02
-7.06000030e-02
-7.06000030e-02
-7.06000030e-02
-7.06000030e-02
-7.06000030e-02
-7.06000030e-02
-7.06000030e-02
-7.06000030e-02
-7.06000030e-02
-7.06000030e-02
-7.06000030e-02
-7.06000030e-02
-7.06000030e-02
-7.06000030e-02
-7.06000030e-02
-7.06000030e-02
-7.06000030e-02
-7.06000030e-02
-7.06000030e-02
-7.06000030e-02
-7.06000030e-02
-7.06000030e-02
-7.06000030e-02
-7.06000030e-02
-7.06000030e-02
-7.06000030e-02
-7.06000030e-02
-7.06000030e-02
-7.06000030e-02
-7.06000030e-02
-7.06000030e-02
-7.06000030e-02
-7.06000030e-02
-7.06000030e-02
-7.06000030e-02
-7.06000030e-02
-7.06000030e-02
-7.06000030e-02
-7.06000030e-02
-7.06000030e-02
-7.06000030e-02
-7.06000030e-02
-7.06000030e-02
-7.06000030e-02
-7.06000030e-02
-7.06000030e-02
-7.06000030e-02
-7.06000030e-02
-7.06000030e-02
-7.06000030e-02
-7.06000030e-02
-7.06000030e-02
-7.06000030e-02
-7.06000030e-02
-7.06000030e-02
-7.06000030e-02
-7.06000030e-02
-7.06000030e-02
-7.06000030e-02
-7.06000030e-02
-7.06000030e-02
-7.06000030e-02
-7.06000030e-02
-7.06000030e-02
-7.06000030e-02
-7.06000030e-02
-7.06000030e-02
-7.06000030e-02
-7.06000030e-02
-7.06000030e-02
-7.06000030e-02
-7.06000030e-02
-7.06000030e-02
-7.06000030e-02
-7.06000030e-02
-7.06000030e-02
-7.06000030e-02
-7.06000030e-02
-7.06000030e-02
-7.06000030e-02
-7.06000030e-02
-7.06000030e-02
-7.06000030e-02
-7.06000030e-02
-7.06000030e-02
-7.06000030e-02
-7.06000030e-02
-7.06000030e-02
-7.06000030e-02
-7.06000030e-02
-7.06000030e-02
-7.06000030e-02
-7.06000030e-02
-7.06000030e-02
-7.06000030e-02
-7.06000030e-02
-7.06000030e-02
-7.06000030e-02
-7.06000030e-02
-7.06000030e-02
-7.06000030e-02
-7.06000030e-02
-7.06000030e-02
-7.06000030e-02
-7.06000030e-02
-7.06000030e-02
-7.06000030e-02
-7.06000030e-02
-7.06000030e-02
-7.06000030e-02
-7.06000030e-02
-7.06000030e-02
-7.06000030e-02
-7.06000030e-02
-7.06000030e-02
-7.06000030e-02
-7.06000030e-02
-7.06000030e-02
-7.06000030e-02
-7.06000030e-02
-7.06000030e-02
-7.06000030e-02
-7.06000030e-02
-7.06000030e-02
-7.06000030e-02
-7.06000030e-02
-7.06000030e-02
-7.06000030e-02
-7.06000030e-02
-7.06000030e-02
-7.06000030e-02
-7.06000030e-02
-7.06000030e-02
-7.06000030e-02
-7.06000030e-02
-7.06000030e-02
-7.06000030e-02
-7.06000030e-02
-7.06000030e-02
-7.06000030e-02
-7.06000030e-02
-7.06000030e-02
-7.06000030e-02
-7.06000030e-02
-7.06000030e-02
-7.06000030e-02
-7.06000030e-02
-7.06000030e-02
-7.06000030e-02
-7.06000030e-02
-7.06000030e-02
-7.06000030e-02
-7.06000030e-02
-7.06000030e-02
-7.06000030e-02
-7.06000030e-02
-7.06000030e-02
-7.06000030e-02
-7.06000030e-02
-7.06000030e-02
-7.06000030e-02
-7.06000030e-02
-7.06000030e-02
-7.06000030e-02
-7.06000030e-02

I
4.88393663e+03
4.88393663e+03
4.88393663e+03
4.88393663e+03
4.88393663e+03
4.88393663e+03
4.88393663e+03
4.88393663e+03
4.88393663e+03
4.88393663e+03
4.88393663e+03
4.88393663e+03
4.88393663e+03
4.88393663e+03
4.88393663e+03
4.88393663e+03
4.88393663e+03
4.88393663e+03
4.88393663e+03
4.88393663e+03
4.88393663e+03
4.88393663e+03
4.88393663e+03
4.88393663e+03
4.88393663e+03
4.88393663e+03
4.88393663e+03
4.88393663e+03
4.88393663e+03
4.88393663e+03
4.88393663e+03
4.88393663e+03
4.88393663e+03
4.88393663e+03
4.88393663e+03
4.88393663e+03
4.88393663e+03
4.88393663e+03
4.88393663e+03
4.88393663e+03
4.88393663e+03
4.88393663e+03
4.88393663e+03
4.88393663e+03
4.88393663e+03
4.88393663e+03
4.88393663e+03
4.88393663e+03
4.88393663e+03
4.88393663e+03
4.88393663e+03
4.88393663e+03
4.88393663e+03
4.88393663e+03
4.88393663e+03
4.88393663e+03
4.88393663e+03
4.88393663e+03
4.88393663e+03
4.88393663e+03
4.88393663e+03
4.88393663e+03
4.88393663e+03
4.88393663e+03
4.88393663e+03
4.88393663e+03
4.88393663e+03
4.88393663e+03
4.88393663e+03
4.88393663e+03
4.88393663e+03
4.88393663e+03
4.88393663e+03
4.88393663e+03
4.88393663e+03
4.88393663e+03
4.88393663e+03
4.88393663e+03
4.88393663e+03
4.88393663e+03
4.88393663e+03
4.88393663e+03
4.88393663e+03
4.88393663e+03
4.88393663e+03
4.88393663e+03
4.88393663e+03
4.88393663e+03
4.88393663e+03
4.88393663e+03
4.88393663e+03
4.88393663e+03
4.88393663e+03
4.88393663e+03
4.88393663e+03
4.88393663e+03
4.88393663e+03
4.88393663e+03
4.88393663e+03
4.88393663e+03
4.88393663e+03
4.88393663e+03
4.88393663e+03
4.88393663e+03
4.88393663e+03
4.88393663e+03
4.88393663e+03
4.88393663e+03
4.88393663e+03
4.88393663e+03
4.88393663e+03
4.88393663e+03
4.88393663e+03
4.88393663e+03
4.88393663e+03
4.88393663e+03
4.88393663e+03
4.88393663e+03
4.88393663e+03
4.88393663e+03
4.88393663e+03
4.88393663e+03
4.88393663e+03
4.88393663e+03
4.88393663e+03
4.88393663e+03
4.88393663e+03
4.88393663e+03
4.88393663e+03
4.88393663e+03
4.88393663e+03
4.88393663e+03
4.88393663e+03
4.88393663e+03
4.88393663e+03
4.88393663e+03
4.88393663e+03
4.88393663e+03
4.88393663e+03
4.88393663e+03
4.88393663e+03
4.88393663e+03
4.88393663e+03
4.88393663e+03
4.88393663e+03
4.88393663e+03
4.88393663e+03
4.88393663e+03
4.88393663e+03
4.88393663e+03
4.88393663e+03
4.88393663e+03
4.88393663e+03
4.88393663e+03
4.88393663e+03
4.88393663e+03
4.88393663e+03
4.88393663e+03
4.88393663e+03
4.88393663e+03
4.88393663e+03
4.88393663e+03
4.88393663e+03
4.88393663e+03
4.88393663e+03
4.88393663e+03
4.88393663e+03
4.88393663e+03
4.88393663e+03
4.88393663e+03
4.88393663e+03
4.88393663e+03
4.88393663e+03
4.88393663e+03
4.88393663e+03
4.88393663e+03
4.88393663e+03
4.88393663e+03
4.88393663e+03
4.88393663e+03
4.88393663e+03
4.88393663e+03
4.88393663e+03
4.88393663e+03
4.88393663e+03
4.88393663e+03
4.88393663e+03
4.88393663e+03
4.88393663e+03
4.88393663e+03
4.88393663e+03
4.88393663e+03
4.88393663e+03
4.88393663e+03
4.88393663e+03
4.88393663e+03
4.88393663e+03
4.88393663e+03
4.88393663e+03
4.88393663e+03
4.88393663e+03
4.88393663e+03
4.88393663e+03
4.88393663e+03
4.88393663e+03
4.88393663e+03
4.88393663e+03
4.88393663e+03
4.88393663e+03
4.88393663e+03
4.88393663e+03
4.88393663e+03
4.88393663e+03
4.88393663e+03
4.88393663e+03
4.88393663e+03
4.88393663e+03
4.88393663e+03
4.88393663e+03
4.88393663e+03
4.88393663e+03
4.88393663e+03
4.88393663e+03
4.88393663e+03
4.88393663e+03
4.88393663e+03
4.88393663e+03
4.88393663e+03
4.88393663e+03
4.88393663e+03
4.88393663e+03
4.88393663e+03
4.88393663e+03
4.88393663e+03
4.88393663e+03
4.88393663e+03
4.88393663e+03
4.88393663e+03
4.88393663e+03
4.88393663e+03
4.88393663e+03
4.88393663e+03
4.88393663e+03
4.88393663e+03
4.88393663e+03
4.88393663e+03
4.88393663e+03
4.88393663e+03
4.88393663e+03
4.88393663e+03
4.88393663e+03
4.88393663e+03
4.88393663e+03
4.88393663e+03
4.88393663e+03
4.88393663e+03
4.88393663e+03
4.88393663e+03
4.88393663e+03
4.88393663e+03
4.88393663e+03
4.88393663e+03
4.88393663e+03
4.88393663e+03
4.88393663e+03
4.88393663e+03
4.88393663e+03
4.88393663e+03
4.88393663e+03
4.88393663e+03
4.88393663e+03
4.88393663e+03
4.88393663e+03
4.88393663e+03
4.88393663e+03
4.88393663e+03
4.88393663e+03
4.88393663e+03
4.88393663e+03
4.88393663e+03
4.88393663e+03
4.88393663e+03
4.88393663e+03
4.88393663e+03
4.88393663e+03
4.88393663e+03
4.88393663e+03
4.88393663e+03
4.88393663e+03
4.88393663e+03
4.88393663e+03
4.88393663e+03
4.88393663e+03
4.88393663e+03
4.88393663e+03
4.88393663e+03
4.88393663e+03
4.88393663e+03
4.88393663e+03
4.88393663e+03
4.88393663e+03
4.88393663e+03
4.88393663e+03
4.88393663e+03
4.88393663e+03
4.88393663e+03
4.88393663e+03
4.88393663e+03
4.88393663e+03
4.88393663e+03
4.88393663e+03
4.88393663e+03
4.88393663e+03
4.88393663e+03
4.88393663e+03
4.88393663e+03
4.88393663e+03
4.88393663e+03
4.88393663e+03
4.88393663e+03
4.88393663e+03
4.88393663e+03
4.88393663e+03
4.88393663e+03
4.88393663e+03
4.88393663e+03
4.88393663e+03
4.88393663e+03
4.88393663e+03
4.88393663e+03
4.88393663e+03
4.88393663e+03
4.88393663e+03
4.88393663e+03
4.88393663e+03
4.88393663e+03
4.88393663e+03
4.88393663e+03
4.88393663e+03
4.88393663e+03
4.88393663e+03
4.88393663e+03
4.88393663e+03
4.88393663e+03
4.88393663e+03
4.88393663e+03
4.88393663e+03
4.88393663e+03
4.88393663e+03
4.88393663e+03
4.88393663e+03
4.88393663e+03
4.88393663e+03
4.88393663e+03
4.88393663e+03
4.88393663e+03
4.88393663e+03
4.88393663e+03
4.88393663e+03
4.88393663e+03
4.88393663e+03
4.88393663e+03
4.88393663e+03
4.88393663e+03
4.88393663e+03
4.88393663e+03
4.88393663e+03
4.88393663e+03
4.88393663e+03
4.88393663e+03
4.88393663e+03
4.88393663e+03
4.88393663e+03
4.88393663e+03
4.88393663e+03
4.88393663e+03
4.88393663e+03
4.88393663e+03
4.88393663e+03
4.88393663e+03
4.88393663e+03
4.88393663e+03
4.88393663e+03
4.88393663e+03

x
3.19493759e-10
3.19493759e-10
3.19493759e-10
3.19493759e-10
3.19493759e-10
3.19493759e-10
3.19493759e-10
3.19493759e-10
3.19493759e-10
3.19493759e-10
3.19493759e-10
3.19493759e-10
3.19493759e-10
3.19493759e-10
3.19493759e-10
3.19493759e-10
3.19493759e-10
3.19493759e-10
3.19493759e-10
3.19493759e-10
3.19493759e-10
3.19493759e-10
3.19493759e-10
3.19493759e-10
3.19493759e-10
3.19493759e-10
3.19493759e-10
3.19493759e-10
3.19493759e-10
3.19493759e-10
3.19493759e-10
3.19493759e-10
3.19493759e-10
3.19493759e-10
3.19493759e-10
3.19493759e-10
3.19493759e-10
3.19493759e-10
3.19493759e-10
3.19493759e-10
3.19493759e-10
3.19493759e-10
3.19493759e-10
3.19493759e-10
3.19493759e-10
3.19493759e-10
3.19493759e-10
3.19493759e-10
3.19493759e-10
3.19493759e-10
3.19493759e-10
3.19493759e-10
3.19493759e-10
3.19493759e-10
3.19493759e-10
3.19493759e-10
3.19493759e-10
3.19493759e-10
3.19493759e-10
3.19493759e-10
3.19493759e-10
3.19493759e-10
3.19493759e-10
3.19493759e-10
3.19493759e-10
3.19493759e-10
3.19493759e-10
3.19493759e-10
3.19493759e-10
3.19493759e-10
3.19493759e-10
3.19493759e-10
3.19493759e-10
3.19493759e-10
3.19493759e-10
3.19493759e-10
3.19493759e-10
3.19493759e-10
3.19493759e-10
3.19493759e-10
3.19493759e-10
3.19493759e-10
3.19493759e-10
3.19493759e-10
3.19493759e-10
3.19493759e-10
3.19493759e-10
3.19493759e-10
3.19493759e-10
3.19493759e-10
3.19493759e-10
3.19493759e-10
3.19493759e-10
3.19493759e-10
3.19493759e-10
3.19493759e-10
3.19493759e-10
3.19493759e-10
3.19493759e-10
3.19493759e-10
3.19493759e-10
3.19493759e-10
3.19493759e-10
3.19493759e-10
3.19493759e-10
3.19493759e-10
3.19493759e-10
3.19493759e-10
3.19493759e-10
3.19493759e-10
3.19493759e-10
3.19493759e-10
3.19493759e-10
3.19493759e-10
3.19493759e-10
3.19493759e-10
3.19493759e-10
3.19493759e-10
3.19493759e-10
3.19493759e-10
3.19493759e-10
3.19493759e-10
3.19493759e-10
3.19493759e-10
3.19493759e-10
3.19493759e-10
3.19493759e-10
3.19493759e-10
3.19493759e-10
3.19493759e-10
3.19493759e-10
3.19493759e-10
3.19493759e-10
3.19493759e-10
3.19493759e-10
3.19493759e-10
3.19493759e-10
3.19493759e-10
3.19493759e-10
3.19493759e-10
3.19493759e-10
3.19493759e-10
3.19493759e-10
3.19493759e-10
3.19493759e-10
3.19493759e-10
3.19493759e-10
3.19493759e-10
3.19493759e-10
3.19493759e-10
3.19493759e-10
3.19493759e-10
3.19493759e-10
3.19493759e-10
3.19493759e-10
3.19493759e-10
3.19493759e-10
3.19493759e-10
3.19493759e-10
3.19493759e-10
3.19493759e-10
3.19493759e-10
3.19493759e-10
3.19493759e-10
3.19493759e-10
3.19493759e-10
3.19493759e-10
3.19493759e-10
3.19493759e-10
3.19493759e-10
3.19493759e-10
3.19493759e-10
3.19493759e-10
3.19493759e-10
3.19493759e-10
3.19493759e-10
3.19493759e-10
3.19493759e-10
3.19493759e-10
3.19493759e-10
3.19493759e-10
3.19493759e-10
3.19493759e-10
3.19493759e-10
3.19493759e-10
3.19493759e-10
3.19493759e-10
3.19493759e-10
3.19493759e-10
3.19493759e-10
3.19493759e-10
3.19493759e-10
3.19493759e-10
3.19493759e-10
3.19493759e-10
3.19493759e-10
3.19493759e-10
3.19493759e-10
3.19493759e-10
3.19493759e-10
3.19493759e-10
3.19493759e-10
3.19493759e-10
3.19493759e-10
3.19493759e-10
3.19493759e-10
3.19493759e-10
3.19493759e-10
3.19493759e-10
3.19493759e-10
3.19493759e-10
3.19493759e-10
3.19493759e-10
3.19493759e-10
3.19493759e-10
3.19493759e-10
3.19493759e-10
3.19493759e-10
3.19493759e-10
3.19493759e-10
3.19493759e-10
3.19493759e-10
3.19493759e-10
3.19493759e-10
3.19493759e-10
3.19493759e-10
3.19493759e-10
3.19493759e-10
3.19493759e-10
3.19493759e-10
3.19493759e-10
3.19493759e-10
3.19493759e-10
3.19493759e-10
3.19493759e-10
3.19493759e-10
3.19493759e-10
3.19493759e-10
3.19493759e-10
3.19493759e-10
3.19493759e-10
3.19493759e-10
3.19493759e-10
3.19493759e-10
3.19493759e-10
3.19493759e-10
3.19493759e-10
3.19493759e-10
3.19493759e-10
3.19493759e-10
3.19493759e-10
3.19493759e-10
3.19493759e-10
3.19493759e-10
3.19493759e-10
3.19493759e-10
3.19493759e-10
3.19493759e-10
3.19493759e-10
3.19493759e-10
3.19493759e-10
3.19493759e-10
3.19493759e-10
3.19493759e-10
3.19493759e-10
3.19493759e-10
3.19493759e-10
3.19493759e-10
3.19493759e-10
3.19493759e-10
3.19493759e-10
3.19493759e-10
3.19493759e-10
3.19493759e-10
3.19493759e-10
3.19493759e-10
3.19493759e-10
3.19493759e-10
3.19493759e-10
3.19493759e-10
3.19493759e-10
3.19493759e-10
3.19493759e-10
3.19493759e-10
3.19493759e-10
3.19493759e-10
3.19493759e-10
3.19493759e-10
3.19493759e-10
3.19493759e-10
3.19493759e-10
3.19493759e-10
3.19493759e-10
3.19493759e-10
3.19493759e-10
3.19493759e-10
3.19493759e-10
3.19493759e-10
3.19493759e-10
3.19493759e-10
3.19493759e-10
3.19493759e-10
3.19493759e-10
3.19493759e-10
3.19493759e-10
3.19493759e-10
3.19493759e-10
3.19493759e-10
3.19493759e-10
3.19493759e-10
3.19493759e-10
3.19493759e-10
3.19493759e-10
3.19493759e-10
3.19493759e-10
3.19493759e-10
3.19493759e-10
3.19493759e-10
3.19493759e-10
3.19493759e-10
3.19493759e-10
3.19493759e-10
3.19493759e-10
3.19493759e-10
3.19493759e-10
3.19493759e-10
3.19493759e-10
3.19493759e-10
3.19493759e-10
3.19493759e-10
3.19493759e-10
3.19493759e-10
3.19493759e-10
3.19493759e-10
3.19493759e-10
3.19493759e-10
3.19493759e-10
3.19493759e-10
3.19493759e-10
3.19493759e-10
3.19493759e-10
3.19493759e-10
3.19493759e-10
3.19493759e-10
3.19493759e-10
3.19493759e-10
3.19493759e-10
3.19493759e-10
3.19493759e-10
3.19493759e-10
3.19493759e-10
3.19493759e-10
3.19493759e-10
3.19493759e-10
3.19493759e-10
3.19493759e-10
3.19493759e-10
3.19493759e-10
3.19493759e-10
3.19493759e-10
3.19493759e-10
3.19493759e-10
3.19493759e-10
3.19493759e-10
3.19493759e-10
3.19493759e-10
3.19493759e-10
3.19493759e-10
3.19493759e-10
3.19493759e-10
3.19493759e-10
3.19493759e-10
3.19493759e-10
3.19493759e-10
3.19493759e-10
3.19493759e-10
3.19493759e-10
3.19493759e-10
3.19493759e-10
3.19493759e-10
3.19493759e-10
3.19493759e-10
3.19493759e-10
3.19493759e-10

Spike
1
1
1
1
1
1
1
1
1
1
1
1
1
1
1
1
1
1
1
1
1
1
1
1
1
1
1
1
1
1
1
1
1
1
1
1
1
1
1
1
1
1
1
1
1
1
1
1
1
1
1
1
1
1
1
1
1
1
1
1
1
1
1
1
1
1
1
1
1
1
1
1
1
1
1
1
1
1
1
1
1
1
1
1
1
1
1
1
1
1
1
1
1
1
1
1
1
1
1
1
1
1
1
1
1
1
1
1
1
1
1
1
1
1
1
1
1
1
1
1
1
1
1
1
1
1
1
1
1
1
1
1
1
1
1
1
1
1
1
1
1
1
1
1
1
1
1
1
1
1
1
1
1
1
1
1
1
1
1
1
1
1
1
1
1
1
1
1
1
1
1
1
1
1
1
1
1
1
1
1
1
1
1
1
1
1
1
1
1
1
1
1
1
1
1
1
1
1
1
1
1
1
1
1
1
1
1
1
1
1
1
1
1
1
1
1
1
1
1
1
1
1
1
1
1
1
1
1
1
1
1
1
1
1
1
1
1
1
1
1
1
1
1
1
1
1
1
1
1
1
1
1
1
1
1
1
1
1
1
1
1
1
1
1
1
1
1
1
1
1
1
1
1
1
1
1
1
1
1
1
1
1
1
1
1
1
1
1
1
1
1
1
1
1
1
1
1
1
1
1
1
1
1
1
1
1
1
1
1
1
1
1
1
1
1
1
1
1
1
1
1
1
1
1
1
1
1
1
1
1
1
1
1
1
1
1
1
1
1
1
1
1
1
1
1
1
1
1
1
1
1
1
1
1
1
1
1
1
1
1
1
1
1
1
1
1
1
1
1
1
1
1
1
1
1
1
1
1
1
1
1
1
1
1

Neurons vt: Average error= 0.00000000e+00 Relative Average Error= -nan
Neurons vm: Average error= 0.00000000e+00 Relative Average Error= -0.00000000e+00
Neurons I: Average error= 3.67247873e-02 Relative Average Error= 7.51950528e-06
Neurons x: Average error= -5.82981076e-18 Relative Average Error= -1.82470255e-08
Neurons Spikes: Average error= 0.00000000e+00 Relative Average Error= 0.00000000e+00
Synapses w: Average error= 0.00000000e+00 Relative Average Error= -nan
Synapses FFp: Average error= -6.54252459e-08 Relative Average Error= -1.67265197e-08
Synapses FBp: Average error= 3.26510182e-04 Relative Average Error= 4.48645479e-09
Synapses FBn: Average error= -9.07109649e-04 Relative Average Error= -1.34849435e-08
sum_CPU = 4.45282928e+01, sum_DFE = 4.45299094e+01
Synapses R: Average error= -1.09634558e-08 Relative Average Error= -3.63056213e-05
Synapses u: Average error= -1.78380126e-07 Relative Average Error= -1.89409443e-07
sum_CPU = 1.04218687e+00, sum_DFE = 1.04218692e+00
Synapses U: Average error= -3.36383464e-13 Relative Average Error= -4.75939216e-08
Synapses A: Average error= -5.71282340e-09 Relative Average Error= -3.80806987e-09
