N_S_pad = 0, N_Group_S_pad = 384, N_Group_T_pad = 384
F_input done.
Neuron Initialization done.
Synapses Connectivity Initialization done.
Synapses Initialization done.
timesteps=2
Input Spikes Initialization done.
Writing to LMem.
Neurons Write Done.
Synapses Write Done.
Running on DFE.
249205632033 max_ticks
5899808 ticks
rec = 0
rec = 0, step = 0
DFE Runtime = 207.6079040 seconds
memory_reads = 5.047493, memory_writes = 6.142438, DFE_time = 207.607904
conn
0, 1, 0, 1, 1, 0, 1, 1, 1, 0, 
1, 1, 0, 0, 1, 1, 0, 1, 0, 0, 
0, 0, 0, 1, 1, 0, 1, 1, 1, 0, 
1, 1, 0, 1, 1, 1, 0, 1, 0, 1, 
0, 0, 0, 0, 1, 1, 1, 1, 0, 0, 
1, 1, 0, 1, 1, 0, 1, 0, 1, 1, 
1, 0, 0, 1, 1, 0, 0, 0, 1, 0, 
0, 0, 0, 1, 1, 0, 1, 0, 0, 1, 
1, 0, 0, 0, 1, 1, 0, 0, 0, 0, 
1, 0, 1, 1, 1, 0, 1, 0, 1, 1, 

w
0.00000000, 0.00000000, 0.00000000, 0.63256383, 1.43823636, 0.00000000, 1.24892652, 0.87550789, 0.39868656, 0.00000000, 
0.00000000, 0.00000000, 0.00000000, 0.00000000, 0.00000000, 0.00000000, 0.00000000, 0.00000000, 0.00000000, 0.00000000, 
0.00000000, 0.00000000, 0.00000000, 0.00000000, 0.00000000, 0.00000000, 0.00000000, 0.00000000, 0.00000000, 0.00000000, 
0.00000000, 0.00000000, 0.00000000, 0.00000000, 0.00000000, 0.00000000, 0.00000000, 0.00000000, 0.00000000, 0.00000000, 
0.00000000, 0.00000000, 0.00000000, 0.00000000, 0.00000000, 0.00000000, 0.00000000, 0.00000000, 0.00000000, 0.00000000, 
0.00000000, 0.00000000, 0.00000000, 0.00000000, 0.00000000, 0.00000000, 0.00000000, 0.00000000, 0.00000000, 0.00000000, 
0.00000000, 0.00000000, 0.00000000, 0.00000000, 0.00000000, 0.00000000, 0.00000000, 0.00000000, 0.00000000, 0.00000000, 
0.00000000, 0.00000000, 0.00000000, 0.00000000, 0.00000000, 0.00000000, 0.00000000, 0.00000000, 0.00000000, 0.00000000, 
0.00000000, 0.00000000, 0.00000000, 0.00000000, 0.00000000, 0.00000000, 0.00000000, 0.00000000, 0.00000000, 0.00000000, 
0.00000000, 0.00000000, 0.00000000, 0.00000000, 0.00000000, 0.00000000, 0.00000000, 0.00000000, 0.00000000, 0.00000000, 

FFp
0.00000000, 1.98509717, 0.00000000, 1.98509717, 1.98509717, 0.00000000, 1.98509717, 1.98509717, 1.98509717, 0.00000000, 
1.98509717, 1.98509717, 0.00000000, 0.00000000, 1.98509717, 1.98509717, 0.00000000, 1.98509717, 0.00000000, 0.00000000, 
0.00000000, 0.00000000, 0.00000000, 1.98509717, 1.98509717, 0.00000000, 1.98509717, 1.98509717, 1.98509717, 0.00000000, 
1.98509717, 1.98509717, 0.00000000, 1.98509717, 1.98509717, 1.98509717, 0.00000000, 1.98509717, 0.00000000, 1.98509717, 
0.00000000, 0.00000000, 0.00000000, 0.00000000, 1.98509717, 1.98509717, 1.98509717, 1.98509717, 0.00000000, 0.00000000, 
1.98509717, 1.98509717, 0.00000000, 1.98509717, 1.98509717, 0.00000000, 1.98509717, 0.00000000, 1.98509717, 1.98509717, 
1.98509717, 0.00000000, 0.00000000, 1.98509717, 1.98509717, 0.00000000, 0.00000000, 0.00000000, 1.98509717, 0.00000000, 
0.00000000, 0.00000000, 0.00000000, 1.98509717, 1.98509717, 0.00000000, 1.98509717, 0.00000000, 0.00000000, 1.98509717, 
1.98509717, 0.00000000, 0.00000000, 0.00000000, 1.98509717, 1.98509717, 0.00000000, 0.00000000, 0.00000000, 0.00000000, 
1.98509717, 0.00000000, 1.98509717, 1.98509717, 1.98509717, 0.00000000, 1.98509717, 0.00000000, 1.98509717, 1.98509717, 

FBp
0.00000000, 1.99566531, 0.00000000, 2.99133062, 3.98699617, 0.00000000, 4.98266125, 5.97832680, 6.97399235, 0.00000000, 
7.96965742, 8.96532249, 0.00000000, 0.00000000, 9.96098804, 10.95665359, 0.00000000, 11.95231915, 0.00000000, 0.00000000, 
0.00000000, 0.00000000, 0.00000000, 12.94798470, 13.94365025, 0.00000000, 14.93931484, 15.93498039, 16.93064499, 0.00000000, 
17.92631149, 18.92197609, 0.00000000, 19.91764259, 20.91330719, 21.90897369, 0.00000000, 22.90463829, 0.00000000, 23.90030289, 
0.00000000, 0.00000000, 0.00000000, 0.00000000, 24.89596939, 25.89163399, 26.88730049, 27.88296509, 0.00000000, 0.00000000, 
28.87862968, 29.87429619, 0.00000000, 30.86996078, 31.86562729, 0.00000000, 32.86128998, 0.00000000, 33.85695648, 34.85262299, 
35.84828949, 0.00000000, 0.00000000, 36.84395218, 37.83961868, 0.00000000, 0.00000000, 0.00000000, 38.83528519, 0.00000000, 
0.00000000, 0.00000000, 0.00000000, 39.83094788, 40.82661438, 0.00000000, 41.82228088, 0.00000000, 0.00000000, 42.81794739, 
43.81361008, 0.00000000, 0.00000000, 0.00000000, 44.80927658, 45.80494308, 0.00000000, 0.00000000, 0.00000000, 0.00000000, 
46.80060577, 0.00000000, 47.79627228, 48.79193878, 49.78760147, 0.00000000, 50.78326797, 0.00000000, 51.77893448, 52.77460098, 

FBn
0.00000000, 1.96988177, 0.00000000, 2.93976355, 3.90964556, 0.00000000, 4.87952709, 5.84940910, 6.81929111, 0.00000000, 
7.78917265, 8.75905418, 0.00000000, 0.00000000, 9.72893620, 10.69881821, 0.00000000, 11.66870022, 0.00000000, 0.00000000, 
0.00000000, 0.00000000, 0.00000000, 12.63858223, 13.60846424, 0.00000000, 14.57834530, 15.54822731, 16.51810837, 0.00000000, 
17.48799133, 18.45787239, 0.00000000, 19.42775536, 20.39763641, 21.36751938, 0.00000000, 22.33740044, 0.00000000, 23.30728149, 
0.00000000, 0.00000000, 0.00000000, 0.00000000, 24.27716446, 25.24704552, 26.21692848, 27.18680954, 0.00000000, 0.00000000, 
28.15669060, 29.12657356, 0.00000000, 30.09645462, 31.06633759, 0.00000000, 32.03621674, 0.00000000, 33.00609970, 33.97598267, 
34.94586563, 0.00000000, 0.00000000, 35.91574478, 36.88562775, 0.00000000, 0.00000000, 0.00000000, 37.85551071, 0.00000000, 
0.00000000, 0.00000000, 0.00000000, 38.82538986, 39.79527283, 0.00000000, 40.76515579, 0.00000000, 0.00000000, 41.73503876, 
42.70491791, 0.00000000, 0.00000000, 0.00000000, 43.67480087, 44.64468384, 0.00000000, 0.00000000, 0.00000000, 0.00000000, 
45.61456299, 0.00000000, 46.58444595, 47.55432892, 48.52420807, 0.00000000, 49.49409103, 0.00000000, 50.46397400, 51.43385696, 

R
0, 9.8764896e-05, 0, 2.6226044e-06, 0, 0, 0, 0, 0, 0, 
0, 0, 0, 0, 0, 0, 0, 0, 0, 0, 
0, 0, 0, 0, 0, 0, 0, 0, 0, 0, 
0, 0, 0, 0, 0, 0, 0, 0, 0, 0, 
0, 0, 0, 0, 0, 0, 0, 0, 0, 0, 
0, 0, 0, 0, 0, 0, 0, 0, 0, 0, 
0, 0, 0, 0, 0, 0, 0, 0, 3.6299229e-05, 0, 
0, 0, 0, 9.8764896e-05, 9.8764896e-05, 0, 9.8764896e-05, 0, 0, 9.8764896e-05, 
9.8764896e-05, 0, 0, 0, 9.8764896e-05, 9.8764896e-05, 0, 0, 0, 0, 
9.8764896e-05, 0, 9.8764896e-05, 9.8764896e-05, 9.8764896e-05, 0, 9.8764896e-05, 0, 9.8764896e-05, 9.8764896e-05, 

u
0.00000000, 0.98019874, 0.00000000, 0.99995601, 1.00000000, 0.00000000, 1.00000000, 1.00000000, 1.00000000, 0.00000000, 
1.00000000, 1.00000000, 0.00000000, 0.00000000, 1.00000000, 1.00000000, 0.00000000, 1.00000000, 0.00000000, 0.00000000, 
0.00000000, 0.00000000, 0.00000000, 1.00000000, 1.00000000, 0.00000000, 1.00000000, 1.00000000, 1.00000000, 0.00000000, 
1.00000000, 1.00000000, 0.00000000, 1.00000000, 1.00000000, 1.00000000, 0.00000000, 1.00000000, 0.00000000, 1.00000000, 
0.00000000, 0.00000000, 0.00000000, 0.00000000, 1.00000000, 1.00000000, 1.00000000, 1.00000000, 0.00000000, 0.00000000, 
1.00000000, 1.00000000, 0.00000000, 1.00000000, 1.00000000, 0.00000000, 1.00000000, 0.00000000, 1.00000000, 1.00000000, 
1.00000000, 0.00000000, 0.00000000, 1.00000000, 1.00000000, 0.00000000, 0.00000000, 0.00000000, 0.99272323, 0.00000000, 
0.00000000, 0.00000000, 0.00000000, 0.98019874, 0.98019874, 0.00000000, 0.98019874, 0.00000000, 0.00000000, 0.98019874, 
0.98019874, 0.00000000, 0.00000000, 0.00000000, 0.98019874, 0.98019874, 0.00000000, 0.00000000, 0.00000000, 0.00000000, 
0.98019874, 0.00000000, 0.98019874, 0.98019874, 0.98019874, 0.00000000, 0.98019874, 0.00000000, 0.98019874, 0.98019874, 

U
0, 0, 0, 0.9163717, 0.83744532, 0, 0.68064749, 0.47254324, 0.21313244, 0, 
0, 0, 0, 0, 0, 0, 0, 0, 0, 0, 
0, 0, 0, 0, 0, 0, 0, 0, 0, 0, 
0, 0, 0, 0, 0, 0, 0, 0, 0, 0, 
0, 0, 0, 0, 0, 0, 0, 0, 0, 0, 
0, 0, 0, 0, 0, 0, 0, 0, 0, 0, 
0, 0, 0, 0, 0, 0, 0, 0, 0, 0, 
0, 0, 0, 0, 0, 0, 0, 0, 0, 0, 
0, 0, 0, 0, 0, 0, 0, 0, 0, 0, 
0, 0, 0, 0, 0, 0, 0, 0, 0, 0, 

A
0.00000000, 0.00000000, 0.00000000, 0.69029176, 1.71740925, 0.00000000, 1.83490944, 1.85275722, 1.87060475, 0.00000000, 
1.88845229, 1.90630007, 0.00000000, 0.00000000, 1.92414761, 1.94199538, 0.00000000, 1.95984292, 0.00000000, 0.00000000, 
0.00000000, 0.00000000, 0.00000000, 1.97769046, 1.99553823, 0.00000000, 2.00000000, 2.00000000, 2.00000000, 0.00000000, 
2.00000000, 2.00000000, 0.00000000, 2.00000000, 2.00000000, 2.00000000, 0.00000000, 2.00000000, 0.00000000, 2.00000000, 
0.00000000, 0.00000000, 0.00000000, 0.00000000, 2.00000000, 2.00000000, 2.00000000, 2.00000000, 0.00000000, 0.00000000, 
2.00000000, 2.00000000, 0.00000000, 2.00000000, 2.00000000, 0.00000000, 2.00000000, 0.00000000, 2.00000000, 2.00000000, 
2.00000000, 0.00000000, 0.00000000, 2.00000000, 2.00000000, 0.00000000, 0.00000000, 0.00000000, 2.00000000, 0.00000000, 
0.00000000, 0.00000000, 0.00000000, 2.00000000, 2.00000000, 0.00000000, 2.00000000, 0.00000000, 0.00000000, 2.00000000, 
2.00000000, 0.00000000, 0.00000000, 0.00000000, 2.00000000, 2.00000000, 0.00000000, 0.00000000, 0.00000000, 0.00000000, 
2.00000000, 0.00000000, 2.00000000, 2.00000000, 2.00000000, 0.00000000, 2.00000000, 0.00000000, 2.00000000, 2.00000000, 

lastupdate
0.000000, 0.001000, 0.000000, 0.001000, 0.001000, 0.000000, 0.001000, 0.001000, 0.001000, 0.000000, 
0.001000, 0.001000, 0.000000, 0.000000, 0.001000, 0.001000, 0.000000, 0.001000, 0.000000, 0.000000, 
0.000000, 0.000000, 0.000000, 0.001000, 0.001000, 0.000000, 0.001000, 0.001000, 0.001000, 0.000000, 
0.001000, 0.001000, 0.000000, 0.001000, 0.001000, 0.001000, 0.000000, 0.001000, 0.000000, 0.001000, 
0.000000, 0.000000, 0.000000, 0.000000, 0.001000, 0.001000, 0.001000, 0.001000, 0.000000, 0.000000, 
0.001000, 0.001000, 0.000000, 0.001000, 0.001000, 0.000000, 0.001000, 0.000000, 0.001000, 0.001000, 
0.001000, 0.000000, 0.000000, 0.001000, 0.001000, 0.000000, 0.000000, 0.000000, 0.001000, 0.000000, 
0.000000, 0.000000, 0.000000, 0.001000, 0.001000, 0.000000, 0.001000, 0.000000, 0.000000, 0.001000, 
0.001000, 0.000000, 0.000000, 0.000000, 0.001000, 0.001000, 0.000000, 0.000000, 0.000000, 0.000000, 
0.001000, 0.000000, 0.001000, 0.001000, 0.001000, 0.000000, 0.001000, 0.000000, 0.001000, 0.001000, 

target_I
0.00000000, 0.00000000, 0.00000000, 2220.94580078, 4738.97070312, 0.00000000, 4987.47802734, 4987.47802734, 4987.47802734, 0.00000000, 
4987.47802734, 4987.47802734, 0.00000000, 0.00000000, 4987.47802734, 4987.47802734, 0.00000000, 4987.47802734, 0.00000000, 0.00000000, 
0.00000000, 0.00000000, 0.00000000, 4987.47802734, 4987.47802734, 0.00000000, 4987.47802734, 4987.47802734, 4987.47802734, 0.00000000, 
4987.47802734, 4987.47802734, 0.00000000, 4987.47802734, 4987.47802734, 4987.47802734, 0.00000000, 4987.47802734, 0.00000000, 4987.47802734, 
0.00000000, 0.00000000, 0.00000000, 0.00000000, 4987.47802734, 4987.47802734, 4987.47802734, 4987.47802734, 0.00000000, 0.00000000, 
4987.47802734, 4987.47802734, 0.00000000, 4987.47802734, 4987.47802734, 0.00000000, 4987.47802734, 0.00000000, 4987.47802734, 4987.47802734, 
4987.47802734, 0.00000000, 0.00000000, 4987.47802734, 4987.47802734, 0.00000000, 0.00000000, 0.00000000, 4951.18505859, 0.00000000, 
0.00000000, 0.00000000, 0.00000000, 4888.71972656, 4888.71972656, 0.00000000, 4888.71972656, 0.00000000, 0.00000000, 4888.71972656, 
4888.71972656, 0.00000000, 0.00000000, 0.00000000, 4888.71972656, 4888.71972656, 0.00000000, 0.00000000, 0.00000000, 0.00000000, 
4888.71972656, 0.00000000, 4888.71972656, 4888.71972656, 4888.71972656, 0.00000000, 4888.71972656, 0.00000000, 4888.71972656, 4888.71972656, 


ID
0.00000000, 0.00000000, 0.00000000, 1.00000000, 2.00000000, 0.00000000, 3.00000000, 4.00000000, 5.00000000, 0.00000000, 
6.00000000, 7.00000000, 0.00000000, 0.00000000, 8.00000000, 9.00000000, 0.00000000, 10.00000000, 0.00000000, 0.00000000, 
0.00000000, 0.00000000, 0.00000000, 11.00000000, 12.00000000, 0.00000000, 13.00000000, 14.00000000, 15.00000000, 0.00000000, 
16.00000000, 17.00000000, 0.00000000, 18.00000000, 19.00000000, 20.00000000, 0.00000000, 21.00000000, 0.00000000, 22.00000000, 
0.00000000, 0.00000000, 0.00000000, 0.00000000, 23.00000000, 24.00000000, 25.00000000, 26.00000000, 0.00000000, 0.00000000, 
27.00000000, 28.00000000, 0.00000000, 29.00000000, 30.00000000, 0.00000000, 31.00000000, 0.00000000, 32.00000000, 33.00000000, 
34.00000000, 0.00000000, 0.00000000, 35.00000000, 36.00000000, 0.00000000, 0.00000000, 0.00000000, 37.00000000, 0.00000000, 
0.00000000, 0.00000000, 0.00000000, 38.00000000, 39.00000000, 0.00000000, 40.00000000, 0.00000000, 0.00000000, 41.00000000, 
42.00000000, 0.00000000, 0.00000000, 0.00000000, 43.00000000, 44.00000000, 0.00000000, 0.00000000, 0.00000000, 0.00000000, 
45.00000000, 0.00000000, 46.00000000, 47.00000000, 48.00000000, 0.00000000, 49.00000000, 0.00000000, 50.00000000, 51.00000000, 

Neurons malloc done
Spike Array malloc done
Synapses malloc done
0 1 0 1 0 1 1 0 1 1 1 1 0 1 0 1 0 0 0 0 0 0 0 0 0 0 0 0 0 1 1 0 1 1 0 1 1 1 0 1 1 1 1 1 1 1 1 1 1 1 0 1 0 1 1 0 0 0 1 0 1 0 1 0 1 1 0 1 0 1 1 1 1 1 1 0 0 0 0 0 1 0 1 0 0 1 1 0 0 1 0 0 0 1 0 1 0 1 0 1 CPU Time: 0.000098
Acceleration: 0.000000
conn
0 1 0 1 1 0 1 1 1 0 
1 1 0 0 1 1 0 1 0 0 
0 0 0 1 1 0 1 1 1 0 
1 1 0 1 1 1 0 1 0 1 
0 0 0 0 1 1 1 1 0 0 
1 1 0 1 1 0 1 0 1 1 
1 0 0 1 1 0 0 0 1 0 
0 0 0 1 1 0 1 0 0 1 
1 0 0 0 1 1 0 0 0 0 
1 0 1 1 1 0 1 0 1 1 

w
6.90678605e-310, 0.00000000e+00, 0.00000000e+00, 6.32563838e-01, 1.43823651e+00, 0.00000000e+00, 1.24892666e+00, 8.75507951e-01, 3.98686800e-01, 1.47739699e-316, 
0.00000000e+00, 0.00000000e+00, 0.00000000e+00, 0.00000000e+00, 0.00000000e+00, 0.00000000e+00, 1.26480805e-321, 0.00000000e+00, 0.00000000e+00, 0.00000000e+00, 
6.90678605e-310, 0.00000000e+00, 4.94065646e-324, 0.00000000e+00, 0.00000000e+00, 1.50031531e-316, 0.00000000e+00, 0.00000000e+00, 0.00000000e+00, 1.49269247e-316, 
0.00000000e+00, 0.00000000e+00, 0.00000000e+00, 0.00000000e+00, 0.00000000e+00, 0.00000000e+00, 6.90678604e-310, 0.00000000e+00, 0.00000000e+00, 0.00000000e+00, 
6.90678605e-310, 0.00000000e+00, 0.00000000e+00, 1.48727277e-316, 0.00000000e+00, 0.00000000e+00, 0.00000000e+00, 0.00000000e+00, 0.00000000e+00, 1.49019685e-316, 
0.00000000e+00, 0.00000000e+00, 0.00000000e+00, 0.00000000e+00, 0.00000000e+00, 0.00000000e+00, 0.00000000e+00, 1.49274860e-316, 0.00000000e+00, 0.00000000e+00, 
0.00000000e+00, 1.49940702e-316, 0.00000000e+00, 0.00000000e+00, 0.00000000e+00, 1.49443475e-316, 0.00000000e+00, 1.50007974e-316, 0.00000000e+00, 0.00000000e+00, 
6.90678605e-310, 0.00000000e+00, 0.00000000e+00, 0.00000000e+00, 0.00000000e+00, 1.50087262e-316, 0.00000000e+00, 0.00000000e+00, 0.00000000e+00, 0.00000000e+00, 
0.00000000e+00, 1.49736673e-316, 0.00000000e+00, 1.50164731e-316, 0.00000000e+00, 0.00000000e+00, 0.00000000e+00, 1.49892481e-316, 0.00000000e+00, 1.50195324e-316, 
0.00000000e+00, 1.50204731e-316, 0.00000000e+00, 0.00000000e+00, 0.00000000e+00, 1.50013350e-316, 0.00000000e+00, 1.50228367e-316, 0.00000000e+00, 0.00000000e+00, 

FFp
1.50421883e-316, 1.98509715e+00, 1.48398348e-316, 1.98509715e+00, 1.98509715e+00, 0.00000000e+00, 1.98509715e+00, 1.98509715e+00, 1.98509715e+00, 1.26480805e-321, 
1.98509715e+00, 1.98509715e+00, 1.48922611e-316, 0.00000000e+00, 1.98509715e+00, 1.98509715e+00, 1.50031531e-316, 1.98509715e+00, 1.49449245e-316, 0.00000000e+00, 
0.00000000e+00, 0.00000000e+00, 4.94065646e-324, 1.98509715e+00, 1.98509715e+00, 1.26480805e-321, 1.98509715e+00, 1.98509715e+00, 1.98509715e+00, 0.00000000e+00, 
1.98509715e+00, 1.98509715e+00, 1.49414779e-316, 1.98509715e+00, 1.98509715e+00, 1.98509715e+00, 1.48299377e-316, 1.98509715e+00, 1.49443475e-316, 1.98509715e+00, 
0.00000000e+00, 0.00000000e+00, 0.00000000e+00, 0.00000000e+00, 1.98509715e+00, 1.98509715e+00, 1.98509715e+00, 1.98509715e+00, 0.00000000e+00, 0.00000000e+00, 
1.98509715e+00, 1.98509715e+00, 1.49255967e-316, 1.98509715e+00, 1.98509715e+00, 0.00000000e+00, 1.98509715e+00, 0.00000000e+00, 1.98509715e+00, 1.98509715e+00, 
1.98509715e+00, 0.00000000e+00, 1.49946394e-316, 1.98509715e+00, 1.98509715e+00, 0.00000000e+00, 1.49450905e-316, 0.00000000e+00, 1.98509715e+00, 0.00000000e+00, 
0.00000000e+00, 0.00000000e+00, 0.00000000e+00, 1.98509715e+00, 1.98509715e+00, 0.00000000e+00, 1.98509715e+00, 0.00000000e+00, 0.00000000e+00, 1.98509715e+00, 
1.98509715e+00, 0.00000000e+00, 1.49785842e-316, 0.00000000e+00, 1.98509715e+00, 1.98509715e+00, 0.00000000e+00, 0.00000000e+00, 1.49940702e-316, 0.00000000e+00, 
1.98509715e+00, 0.00000000e+00, 1.98509715e+00, 1.98509715e+00, 1.98509715e+00, 0.00000000e+00, 1.98509715e+00, 0.00000000e+00, 1.98509715e+00, 1.98509715e+00, 

FBp
1.50421883e-316, 1.99566537e+00, 4.94065646e-324, 2.99133075e+00, 3.98699612e+00, 0.00000000e+00, 4.98266149e+00, 5.97832687e+00, 6.97399224e+00, 1.49449245e-316, 
7.96965761e+00, 8.96532298e+00, 1.26480805e-321, 1.48973598e-316, 9.96098836e+00, 1.09566537e+01, 1.26480805e-321, 1.19523191e+01, 4.94065646e-324, 1.49560390e-316, 
0.00000000e+00, 1.49682681e-316, 0.00000000e+00, 1.29479845e+01, 1.39436499e+01, 1.50269078e-316, 1.49393152e+01, 1.59349806e+01, 1.69306460e+01, 1.47785706e-316, 
1.79263113e+01, 1.89219767e+01, 0.00000000e+00, 1.99176421e+01, 2.09133075e+01, 2.19089728e+01, 0.00000000e+00, 2.29046382e+01, 0.00000000e+00, 2.39003036e+01, 
0.00000000e+00, 1.49459048e-316, 0.00000000e+00, 0.00000000e+00, 2.48959690e+01, 2.58916343e+01, 2.68872997e+01, 2.78829651e+01, 0.00000000e+00, 0.00000000e+00, 
2.88786304e+01, 2.98742958e+01, 0.00000000e+00, 3.08699612e+01, 3.18656266e+01, 1.49785842e-316, 3.28612919e+01, 0.00000000e+00, 3.38569573e+01, 3.48526227e+01, 
3.58482881e+01, 1.49429878e-316, 0.00000000e+00, 3.68439534e+01, 3.78396188e+01, 0.00000000e+00, 0.00000000e+00, 1.49454384e-316, 3.88352842e+01, 1.50017223e-316, 
0.00000000e+00, 1.50024970e-316, 0.00000000e+00, 3.98309496e+01, 4.08266149e+01, 1.49664895e-316, 4.18222803e+01, 1.50098013e-316, 0.00000000e+00, 4.28179457e+01, 
4.38136110e+01, 0.00000000e+00, 0.00000000e+00, 1.49833668e-316, 4.48092764e+01, 4.58049418e+01, 0.00000000e+00, 0.00000000e+00, 0.00000000e+00, 1.49946394e-316, 
4.68006072e+01, 1.49998488e-316, 4.77962725e+01, 4.87919379e+01, 4.97876033e+01, 0.00000000e+00, 5.07832687e+01, 1.50021255e-316, 5.17789340e+01, 5.27745994e+01, 

FBn
2.13028496e-314, 1.96988183e+00, 0.00000000e+00, 2.93976366e+00, 3.90964549e+00, 0.00000000e+00, 4.87952732e+00, 5.84940915e+00, 6.81929098e+00, 1.26974871e-321, 
7.78917281e+00, 8.75905464e+00, 1.49682681e-316, 4.94065646e-324, 9.72893647e+00, 1.06988183e+01, 0.00000000e+00, 1.16687001e+01, 1.50096195e-316, 1.26480805e-321, 
1.50172162e-316, 1.26480805e-321, 1.49689796e-316, 1.26385820e+01, 1.36084638e+01, 4.94065646e-324, 1.45783456e+01, 1.55482274e+01, 1.65181093e+01, 0.00000000e+00, 
1.74879911e+01, 1.84578729e+01, 1.48019222e-316, 1.94277548e+01, 2.03976366e+01, 2.13675184e+01, 0.00000000e+00, 2.23374003e+01, 1.48400166e-316, 2.33072821e+01, 
1.48540560e-316, 0.00000000e+00, 1.49550904e-316, 0.00000000e+00, 2.42771639e+01, 2.52470457e+01, 2.62169276e+01, 2.71868094e+01, 1.49664895e-316, 0.00000000e+00, 
2.81566912e+01, 2.91265731e+01, 0.00000000e+00, 3.00964549e+01, 3.10663367e+01, 0.00000000e+00, 3.20362186e+01, 0.00000000e+00, 3.30061004e+01, 3.39759822e+01, 
3.49458640e+01, 0.00000000e+00, 1.49433356e-316, 3.59157459e+01, 3.68856277e+01, 0.00000000e+00, 0.00000000e+00, 0.00000000e+00, 3.78555095e+01, 0.00000000e+00, 
1.49554857e-316, 0.00000000e+00, 1.50029397e-316, 3.88253914e+01, 3.97952732e+01, 0.00000000e+00, 4.07651550e+01, 0.00000000e+00, 1.50101175e-316, 4.17350369e+01, 
4.27049187e+01, 0.00000000e+00, 0.00000000e+00, 0.00000000e+00, 4.36748005e+01, 4.46446823e+01, 1.50181806e-316, 0.00000000e+00, 0.00000000e+00, 0.00000000e+00, 
4.56145642e+01, 0.00000000e+00, 4.65844460e+01, 4.75543278e+01, 4.85242097e+01, 0.00000000e+00, 4.94940915e+01, 0.00000000e+00, 5.04639733e+01, 5.14338552e+01, 

R
0.00000000e+00, 9.87595289e-05, 0.00000000e+00, 2.62354689e-06, 0.00000000e+00, 1.49252410e-316, 0.00000000e+00, 0.00000000e+00, 0.00000000e+00, 0.00000000e+00, 
0.00000000e+00, 0.00000000e+00, 1.26480805e-321, 1.49689796e-316, 0.00000000e+00, 0.00000000e+00, 0.00000000e+00, 0.00000000e+00, 1.26480805e-321, 1.50161886e-316, 
4.94065646e-324, 1.50185838e-316, 1.26974871e-321, 0.00000000e+00, 0.00000000e+00, 6.32404027e-322, 0.00000000e+00, 0.00000000e+00, 0.00000000e+00, 0.00000000e+00, 
0.00000000e+00, 0.00000000e+00, 0.00000000e+00, 0.00000000e+00, 0.00000000e+00, 0.00000000e+00, 0.00000000e+00, 0.00000000e+00, 0.00000000e+00, 0.00000000e+00, 
0.00000000e+00, 1.48633049e-316, 0.00000000e+00, 1.49554857e-316, 0.00000000e+00, 0.00000000e+00, 0.00000000e+00, 0.00000000e+00, 0.00000000e+00, 1.49669006e-316, 
0.00000000e+00, 0.00000000e+00, 0.00000000e+00, 0.00000000e+00, 0.00000000e+00, 1.49267508e-316, 0.00000000e+00, 1.49881889e-316, 0.00000000e+00, 0.00000000e+00, 
0.00000000e+00, 0.00000000e+00, 0.00000000e+00, 0.00000000e+00, 0.00000000e+00, 1.50002283e-316, 0.00000000e+00, 0.00000000e+00, 3.62926455e-05, 1.49550904e-316, 
0.00000000e+00, 1.49558493e-316, 0.00000000e+00, 9.87595289e-05, 9.87595289e-05, 0.00000000e+00, 9.87595289e-05, 1.49674934e-316, 0.00000000e+00, 9.87595289e-05, 
9.87595289e-05, 1.50114376e-316, 0.00000000e+00, 0.00000000e+00, 9.87595289e-05, 9.87595289e-05, 0.00000000e+00, 1.50187972e-316, 0.00000000e+00, 0.00000000e+00, 
9.87595289e-05, 0.00000000e+00, 9.87595289e-05, 9.87595289e-05, 9.87595289e-05, 1.50222675e-316, 9.87595289e-05, 0.00000000e+00, 9.87595289e-05, 9.87595289e-05, 

u
1.48253844e-316, 9.80198673e-01, 4.94065646e-324, 9.99956010e-01, 1.00000000e+00, 1.26480805e-321, 1.00000000e+00, 1.00000000e+00, 1.00000000e+00, 0.00000000e+00, 
1.00000000e+00, 1.00000000e+00, 0.00000000e+00, 1.26974871e-321, 1.00000000e+00, 1.00000000e+00, 1.49424898e-316, 1.00000000e+00, 0.00000000e+00, 4.94065646e-324, 
0.00000000e+00, 4.94065646e-324, 1.50199356e-316, 1.00000000e+00, 1.00000000e+00, 0.00000000e+00, 1.00000000e+00, 1.00000000e+00, 1.00000000e+00, 0.00000000e+00, 
1.00000000e+00, 1.00000000e+00, 0.00000000e+00, 1.00000000e+00, 1.00000000e+00, 1.00000000e+00, 1.49437704e-316, 1.00000000e+00, 0.00000000e+00, 1.00000000e+00, 
0.00000000e+00, 0.00000000e+00, 1.48681112e-316, 0.00000000e+00, 1.00000000e+00, 1.00000000e+00, 1.00000000e+00, 1.00000000e+00, 1.48928065e-316, 0.00000000e+00, 
1.00000000e+00, 1.00000000e+00, 1.49684341e-316, 1.00000000e+00, 1.00000000e+00, 0.00000000e+00, 1.00000000e+00, 0.00000000e+00, 1.00000000e+00, 1.00000000e+00, 
1.00000000e+00, 0.00000000e+00, 0.00000000e+00, 1.00000000e+00, 1.00000000e+00, 0.00000000e+00, 1.50006077e-316, 0.00000000e+00, 9.92723309e-01, 0.00000000e+00, 
0.00000000e+00, 0.00000000e+00, 1.49609560e-316, 9.80198673e-01, 9.80198673e-01, 0.00000000e+00, 9.80198673e-01, 0.00000000e+00, 1.49678729e-316, 9.80198673e-01, 
9.80198673e-01, 0.00000000e+00, 1.50162518e-316, 0.00000000e+00, 9.80198673e-01, 9.80198673e-01, 1.49890584e-316, 0.00000000e+00, 1.50193664e-316, 0.00000000e+00, 
9.80198673e-01, 0.00000000e+00, 9.80198673e-01, 9.80198673e-01, 9.80198673e-01, 0.00000000e+00, 9.80198673e-01, 0.00000000e+00, 9.80198673e-01, 9.80198673e-01, 

U
1.26480805e-321, 0.00000000e+00, 0.00000000e+00, 9.16371693e-01, 8.37445351e-01, 0.00000000e+00, 6.80647550e-01, 4.72543290e-01, 2.13132571e-01, 1.48253844e-316, 
0.00000000e+00, 0.00000000e+00, 0.00000000e+00, 0.00000000e+00, 0.00000000e+00, 0.00000000e+00, 1.26480805e-321, 0.00000000e+00, 0.00000000e+00, 0.00000000e+00, 
0.00000000e+00, 1.18575755e-322, 1.26480805e-321, 0.00000000e+00, 0.00000000e+00, 1.50033349e-316, 0.00000000e+00, 0.00000000e+00, 0.00000000e+00, 1.49272963e-316, 
0.00000000e+00, 0.00000000e+00, 0.00000000e+00, 0.00000000e+00, 0.00000000e+00, 0.00000000e+00, 0.00000000e+00, 0.00000000e+00, 0.00000000e+00, 0.00000000e+00, 
0.00000000e+00, 0.00000000e+00, 0.00000000e+00, 1.48728937e-316, 0.00000000e+00, 0.00000000e+00, 0.00000000e+00, 0.00000000e+00, 0.00000000e+00, 1.49065771e-316, 
0.00000000e+00, 0.00000000e+00, 0.00000000e+00, 0.00000000e+00, 0.00000000e+00, 0.00000000e+00, 0.00000000e+00, 1.49320709e-316, 0.00000000e+00, 0.00000000e+00, 
0.00000000e+00, 1.49944734e-316, 0.00000000e+00, 0.00000000e+00, 0.00000000e+00, 1.49445293e-316, 0.00000000e+00, 1.50011690e-316, 0.00000000e+00, 0.00000000e+00, 
0.00000000e+00, 0.00000000e+00, 0.00000000e+00, 0.00000000e+00, 0.00000000e+00, 1.50090582e-316, 0.00000000e+00, 0.00000000e+00, 0.00000000e+00, 0.00000000e+00, 
0.00000000e+00, 1.49783629e-316, 0.00000000e+00, 1.50166391e-316, 0.00000000e+00, 0.00000000e+00, 0.00000000e+00, 1.49894300e-316, 0.00000000e+00, 1.50197221e-316, 
0.00000000e+00, 1.50206707e-316, 0.00000000e+00, 0.00000000e+00, 0.00000000e+00, 1.50015326e-316, 0.00000000e+00, 1.50230264e-316, 0.00000000e+00, 0.00000000e+00, 

A
0.00000000e+00, 0.00000000e+00, 1.48871149e-316, 6.90291769e-01, 1.71740939e+00, 0.00000000e+00, 1.83490951e+00, 1.85275713e+00, 1.87060475e+00, 1.26480805e-321, 
1.88845237e+00, 1.90629999e+00, 1.48924508e-316, 0.00000000e+00, 1.92414761e+00, 1.94199523e+00, 1.50033349e-316, 1.95984285e+00, 1.49457941e-316, 0.00000000e+00, 
1.49670745e-316, 0.00000000e+00, 0.00000000e+00, 1.97769047e+00, 1.99553809e+00, 1.26480805e-321, 2.00000000e+00, 2.00000000e+00, 2.00000000e+00, 0.00000000e+00, 
2.00000000e+00, 2.00000000e+00, 1.49418969e-316, 2.00000000e+00, 2.00000000e+00, 2.00000000e+00, 1.48347044e-316, 2.00000000e+00, 1.49445293e-316, 2.00000000e+00, 
1.49456044e-316, 0.00000000e+00, 0.00000000e+00, 0.00000000e+00, 2.00000000e+00, 2.00000000e+00, 2.00000000e+00, 2.00000000e+00, 0.00000000e+00, 0.00000000e+00, 
2.00000000e+00, 2.00000000e+00, 1.49257864e-316, 2.00000000e+00, 2.00000000e+00, 0.00000000e+00, 2.00000000e+00, 0.00000000e+00, 2.00000000e+00, 2.00000000e+00, 
2.00000000e+00, 0.00000000e+00, 1.49948291e-316, 2.00000000e+00, 2.00000000e+00, 0.00000000e+00, 1.49452565e-316, 0.00000000e+00, 2.00000000e+00, 0.00000000e+00, 
1.50023231e-316, 0.00000000e+00, 0.00000000e+00, 2.00000000e+00, 2.00000000e+00, 0.00000000e+00, 2.00000000e+00, 0.00000000e+00, 0.00000000e+00, 2.00000000e+00, 
2.00000000e+00, 0.00000000e+00, 1.49787423e-316, 0.00000000e+00, 2.00000000e+00, 2.00000000e+00, 0.00000000e+00, 0.00000000e+00, 1.49944734e-316, 0.00000000e+00, 
2.00000000e+00, 0.00000000e+00, 2.00000000e+00, 2.00000000e+00, 2.00000000e+00, 0.00000000e+00, 2.00000000e+00, 0.00000000e+00, 2.00000000e+00, 2.00000000e+00, 

lastupdate
0.000000, 0.001000, 0.000000, 0.001000, 0.001000, 0.000000, 0.001000, 0.001000, 0.001000, 0.000000, 
0.001000, 0.001000, 0.000000, 0.000000, 0.001000, 0.001000, 0.000000, 0.001000, 0.000000, 0.000000, 
0.000000, 0.000000, 0.000000, 0.001000, 0.001000, 0.000000, 0.001000, 0.001000, 0.001000, 0.000000, 
0.001000, 0.001000, 0.000000, 0.001000, 0.001000, 0.001000, 0.000000, 0.001000, 0.000000, 0.001000, 
0.000000, 0.000000, 0.000000, 0.000000, 0.001000, 0.001000, 0.001000, 0.001000, 0.000000, 0.000000, 
0.001000, 0.001000, 0.000000, 0.001000, 0.001000, 0.000000, 0.001000, 0.000000, 0.001000, 0.001000, 
0.001000, 0.000000, 0.000000, 0.001000, 0.001000, 0.000000, 0.000000, 0.000000, 0.001000, 0.000000, 
0.000000, 0.000000, 0.000000, 0.001000, 0.001000, 0.000000, 0.001000, 0.000000, 0.000000, 0.001000, 
0.001000, 0.000000, 0.000000, 0.000000, 0.001000, 0.001000, 0.000000, 0.000000, 0.000000, 0.000000, 
0.001000, 0.000000, 0.001000, 0.001000, 0.001000, 0.000000, 0.001000, 0.000000, 0.001000, 0.001000, 

target_I
0.00000000e+00, 0.00000000e+00, 0.00000000e+00, 2.22096489e+03, 4.73901135e+03, 0.00000000e+00, 4.98752081e+03, 4.98752081e+03, 4.98752081e+03, 1.26480805e-321, 
4.98752081e+03, 4.98752081e+03, 1.49688136e-316, 4.94065646e-324, 4.98752081e+03, 4.98752081e+03, 0.00000000e+00, 4.98752081e+03, 1.50102835e-316, 4.94065646e-324, 
1.50173980e-316, 4.94065646e-324, 1.49782680e-316, 4.98752081e+03, 4.98752081e+03, 1.26480805e-321, 4.98752081e+03, 4.98752081e+03, 4.98752081e+03, 0.00000000e+00, 
4.98752081e+03, 4.98752081e+03, 1.48065308e-316, 4.98752081e+03, 4.98752081e+03, 4.98752081e+03, 0.00000000e+00, 4.98752081e+03, 1.48446094e-316, 4.98752081e+03, 
1.48586883e-316, 0.00000000e+00, 1.49552643e-316, 0.00000000e+00, 4.98752081e+03, 4.98752081e+03, 4.98752081e+03, 4.98752081e+03, 1.49666713e-316, 0.00000000e+00, 
4.98752081e+03, 4.98752081e+03, 0.00000000e+00, 4.98752081e+03, 4.98752081e+03, 0.00000000e+00, 4.98752081e+03, 0.00000000e+00, 4.98752081e+03, 4.98752081e+03, 
4.98752081e+03, 0.00000000e+00, 1.49435728e-316, 4.98752081e+03, 4.98752081e+03, 0.00000000e+00, 0.00000000e+00, 0.00000000e+00, 4.95122816e+03, 0.00000000e+00, 
1.49556833e-316, 0.00000000e+00, 1.50036432e-316, 4.88876128e+03, 4.88876128e+03, 0.00000000e+00, 4.88876128e+03, 0.00000000e+00, 1.50104653e-316, 4.88876128e+03, 
4.88876128e+03, 0.00000000e+00, 0.00000000e+00, 0.00000000e+00, 4.88876128e+03, 4.88876128e+03, 1.50183704e-316, 0.00000000e+00, 0.00000000e+00, 0.00000000e+00, 
4.88876128e+03, 0.00000000e+00, 4.88876128e+03, 4.88876128e+03, 4.88876128e+03, 0.00000000e+00, 4.88876128e+03, 0.00000000e+00, 4.88876128e+03, 4.88876128e+03, 

Neurons vt: Average error= 0.00000000e+00 Relative Average Error= -nan
Neurons vm: Average error= 3.00407410e-09 Relative Average Error= -4.25506247e-08
Neurons I: Average error= 4.17974829e-02 Relative Average Error= 8.51530419e-06
Neurons x: Average error= 8.10557136e-19 Relative Average Error= 5.02561792e-09
Neurons Spikes: Average error= 0.00000000e+00 Relative Average Error= 0.00000000e+00
Synapses w: Average error= 6.06683203e-09 Relative Average Error= 1.32062154e-07
Synapses FFp: Average error= -1.12489288e-08 Relative Average Error= -1.08974794e-08
Synapses FBp: Average error= 3.59912588e-08 Relative Average Error= 2.52742832e-09
Synapses FBn: Average error= -2.41419184e-08 Relative Average Error= -1.73870852e-09
sum_CPU = 1.52030913e-03, sum_DFE = 1.52039528e-03
Synapses R: Average error= -8.61531440e-10 Relative Average Error= -5.66681752e-05
Synapses u: Average error= -9.33994983e-09 Relative Average Error= -1.80671838e-08
sum_CPU = 3.12014046e+00, sum_DFE = 3.12014019e+00
Synapses U: Average error= 2.61297028e-09 Relative Average Error= 8.37452775e-08
Synapses A: Average error= -1.98870609e-09 Relative Average Error= -1.99749629e-09
