N_S_pad = 0, N_Group_S_pad = 384, N_Group_T_pad = 384
F_input done.
Neuron Initialization done.
Synapses Connectivity Initialization done.
Synapses Initialization done.
conn
0, 1, 0, 1, 1, 0, 1, 1, 1, 0, 
1, 1, 0, 0, 1, 1, 0, 1, 0, 0, 
0, 0, 0, 1, 1, 0, 1, 1, 1, 0, 
1, 1, 0, 1, 1, 1, 0, 1, 0, 1, 
0, 0, 0, 0, 1, 1, 1, 1, 0, 0, 
1, 1, 0, 1, 1, 0, 1, 0, 1, 1, 
1, 0, 0, 1, 1, 0, 0, 0, 1, 0, 
0, 0, 0, 1, 1, 0, 1, 0, 0, 1, 
1, 0, 0, 0, 1, 1, 0, 0, 0, 0, 
1, 0, 1, 1, 1, 0, 1, 0, 1, 1, 

w
0.00000000, 0.00000000, 0.00000000, 0.00000000, 0.00000000, 0.00000000, 0.00000000, 0.00000000, 0.00000000, 0.00000000, 
0.00000000, 0.00000000, 0.00000000, 0.00000000, 0.00000000, 0.00000000, 0.00000000, 0.00000000, 0.00000000, 0.00000000, 
0.00000000, 0.00000000, 0.00000000, 0.00000000, 0.00000000, 0.00000000, 0.00000000, 0.00000000, 0.00000000, 0.00000000, 
0.00000000, 0.00000000, 0.00000000, 0.00000000, 0.00000000, 0.00000000, 0.00000000, 0.00000000, 0.00000000, 0.00000000, 
0.00000000, 0.00000000, 0.00000000, 0.00000000, 0.00000000, 0.00000000, 0.00000000, 0.00000000, 0.00000000, 0.00000000, 
0.00000000, 0.00000000, 0.00000000, 0.00000000, 0.00000000, 0.00000000, 0.00000000, 0.00000000, 0.00000000, 0.00000000, 
0.00000000, 0.00000000, 0.00000000, 0.00000000, 0.00000000, 0.00000000, 0.00000000, 0.00000000, 0.00000000, 0.00000000, 
0.00000000, 0.00000000, 0.00000000, 0.00000000, 0.00000000, 0.00000000, 0.00000000, 0.00000000, 0.00000000, 0.00000000, 
0.00000000, 0.00000000, 0.00000000, 0.00000000, 0.00000000, 0.00000000, 0.00000000, 0.00000000, 0.00000000, 0.00000000, 
0.00000000, 0.00000000, 0.00000000, 0.00000000, 0.00000000, 0.00000000, 0.00000000, 0.00000000, 0.00000000, 0.00000000, 

FFp
0.00000000, 0.00000000, 0.00000000, 0.00000000, 0.00000000, 0.00000000, 0.00000000, 0.00000000, 0.00000000, 0.00000000, 
0.00000000, 0.00000000, 0.00000000, 0.00000000, 0.00000000, 0.00000000, 0.00000000, 0.00000000, 0.00000000, 0.00000000, 
0.00000000, 0.00000000, 0.00000000, 0.00000000, 0.00000000, 0.00000000, 0.00000000, 0.00000000, 0.00000000, 0.00000000, 
0.00000000, 0.00000000, 0.00000000, 0.00000000, 0.00000000, 0.00000000, 0.00000000, 0.00000000, 0.00000000, 0.00000000, 
0.00000000, 0.00000000, 0.00000000, 0.00000000, 0.00000000, 0.00000000, 0.00000000, 0.00000000, 0.00000000, 0.00000000, 
0.00000000, 0.00000000, 0.00000000, 0.00000000, 0.00000000, 0.00000000, 0.00000000, 0.00000000, 0.00000000, 0.00000000, 
0.00000000, 0.00000000, 0.00000000, 0.00000000, 0.00000000, 0.00000000, 0.00000000, 0.00000000, 0.00000000, 0.00000000, 
0.00000000, 0.00000000, 0.00000000, 0.00000000, 0.00000000, 0.00000000, 0.00000000, 0.00000000, 0.00000000, 0.00000000, 
0.00000000, 0.00000000, 0.00000000, 0.00000000, 0.00000000, 0.00000000, 0.00000000, 0.00000000, 0.00000000, 0.00000000, 
0.00000000, 0.00000000, 0.00000000, 0.00000000, 0.00000000, 0.00000000, 0.00000000, 0.00000000, 0.00000000, 0.00000000, 

FBp
0.00000000, 0.00000000, 0.00000000, 1.00000000, 2.00000000, 0.00000000, 3.00000000, 4.00000000, 5.00000000, 0.00000000, 
6.00000000, 7.00000000, 0.00000000, 0.00000000, 8.00000000, 9.00000000, 0.00000000, 10.00000000, 0.00000000, 0.00000000, 
0.00000000, 0.00000000, 0.00000000, 11.00000000, 12.00000000, 0.00000000, 13.00000000, 14.00000000, 15.00000000, 0.00000000, 
16.00000000, 17.00000000, 0.00000000, 18.00000000, 19.00000000, 20.00000000, 0.00000000, 21.00000000, 0.00000000, 22.00000000, 
0.00000000, 0.00000000, 0.00000000, 0.00000000, 23.00000000, 24.00000000, 25.00000000, 26.00000000, 0.00000000, 0.00000000, 
27.00000000, 28.00000000, 0.00000000, 29.00000000, 30.00000000, 0.00000000, 31.00000000, 0.00000000, 32.00000000, 33.00000000, 
34.00000000, 0.00000000, 0.00000000, 35.00000000, 36.00000000, 0.00000000, 0.00000000, 0.00000000, 37.00000000, 0.00000000, 
0.00000000, 0.00000000, 0.00000000, 38.00000000, 39.00000000, 0.00000000, 40.00000000, 0.00000000, 0.00000000, 41.00000000, 
42.00000000, 0.00000000, 0.00000000, 0.00000000, 43.00000000, 44.00000000, 0.00000000, 0.00000000, 0.00000000, 0.00000000, 
45.00000000, 0.00000000, 46.00000000, 47.00000000, 48.00000000, 0.00000000, 49.00000000, 0.00000000, 50.00000000, 51.00000000, 

FBn
0.00000000, 0.00000000, 0.00000000, 1.00000000, 2.00000000, 0.00000000, 3.00000000, 4.00000000, 5.00000000, 0.00000000, 
6.00000000, 7.00000000, 0.00000000, 0.00000000, 8.00000000, 9.00000000, 0.00000000, 10.00000000, 0.00000000, 0.00000000, 
0.00000000, 0.00000000, 0.00000000, 11.00000000, 12.00000000, 0.00000000, 13.00000000, 14.00000000, 15.00000000, 0.00000000, 
16.00000000, 17.00000000, 0.00000000, 18.00000000, 19.00000000, 20.00000000, 0.00000000, 21.00000000, 0.00000000, 22.00000000, 
0.00000000, 0.00000000, 0.00000000, 0.00000000, 23.00000000, 24.00000000, 25.00000000, 26.00000000, 0.00000000, 0.00000000, 
27.00000000, 28.00000000, 0.00000000, 29.00000000, 30.00000000, 0.00000000, 31.00000000, 0.00000000, 32.00000000, 33.00000000, 
34.00000000, 0.00000000, 0.00000000, 35.00000000, 36.00000000, 0.00000000, 0.00000000, 0.00000000, 37.00000000, 0.00000000, 
0.00000000, 0.00000000, 0.00000000, 38.00000000, 39.00000000, 0.00000000, 40.00000000, 0.00000000, 0.00000000, 41.00000000, 
42.00000000, 0.00000000, 0.00000000, 0.00000000, 43.00000000, 44.00000000, 0.00000000, 0.00000000, 0.00000000, 0.00000000, 
45.00000000, 0.00000000, 46.00000000, 47.00000000, 48.00000000, 0.00000000, 49.00000000, 0.00000000, 50.00000000, 51.00000000, 

R
0, 0, 0, 1, 2, 0, 3, 4, 5, 0, 
6, 7, 0, 0, 8, 9, 0, 10, 0, 0, 
0, 0, 0, 11, 12, 0, 13, 14, 15, 0, 
16, 17, 0, 18, 19, 20, 0, 21, 0, 22, 
0, 0, 0, 0, 23, 24, 25, 26, 0, 0, 
27, 28, 0, 29, 30, 0, 31, 0, 32, 33, 
34, 0, 0, 35, 36, 0, 0, 0, 37, 0, 
0, 0, 0, 38, 39, 0, 40, 0, 0, 41, 
42, 0, 0, 0, 43, 44, 0, 0, 0, 0, 
45, 0, 46, 47, 48, 0, 49, 0, 50, 51, 

u
0.00000000, 1.00000000, 0.00000000, 1.00000000, 1.00000000, 0.00000000, 1.00000000, 1.00000000, 1.00000000, 0.00000000, 
1.00000000, 1.00000000, 0.00000000, 0.00000000, 1.00000000, 1.00000000, 0.00000000, 1.00000000, 0.00000000, 0.00000000, 
0.00000000, 0.00000000, 0.00000000, 1.00000000, 1.00000000, 0.00000000, 1.00000000, 1.00000000, 1.00000000, 0.00000000, 
1.00000000, 1.00000000, 0.00000000, 1.00000000, 1.00000000, 1.00000000, 0.00000000, 1.00000000, 0.00000000, 1.00000000, 
0.00000000, 0.00000000, 0.00000000, 0.00000000, 1.00000000, 1.00000000, 1.00000000, 1.00000000, 0.00000000, 0.00000000, 
1.00000000, 1.00000000, 0.00000000, 1.00000000, 1.00000000, 0.00000000, 1.00000000, 0.00000000, 1.00000000, 1.00000000, 
1.00000000, 0.00000000, 0.00000000, 1.00000000, 1.00000000, 0.00000000, 0.00000000, 0.00000000, 1.00000000, 0.00000000, 
0.00000000, 0.00000000, 0.00000000, 1.00000000, 1.00000000, 0.00000000, 1.00000000, 0.00000000, 0.00000000, 1.00000000, 
1.00000000, 0.00000000, 0.00000000, 0.00000000, 1.00000000, 1.00000000, 0.00000000, 0.00000000, 0.00000000, 0.00000000, 
1.00000000, 0.00000000, 1.00000000, 1.00000000, 1.00000000, 0.00000000, 1.00000000, 0.00000000, 1.00000000, 1.00000000, 

U
0, 0, 0, 1, 2, 0, 3, 4, 5, 0, 
6, 7, 0, 0, 8, 9, 0, 10, 0, 0, 
0, 0, 0, 11, 12, 0, 13, 14, 15, 0, 
16, 17, 0, 18, 19, 20, 0, 21, 0, 22, 
0, 0, 0, 0, 23, 24, 25, 26, 0, 0, 
27, 28, 0, 29, 30, 0, 31, 0, 32, 33, 
34, 0, 0, 35, 36, 0, 0, 0, 37, 0, 
0, 0, 0, 38, 39, 0, 40, 0, 0, 41, 
42, 0, 0, 0, 43, 44, 0, 0, 0, 0, 
45, 0, 46, 47, 48, 0, 49, 0, 50, 51, 

A
0.00000000, 0.00000000, 0.00000000, 1.00000000, 2.00000000, 0.00000000, 3.00000000, 4.00000000, 5.00000000, 0.00000000, 
6.00000000, 7.00000000, 0.00000000, 0.00000000, 8.00000000, 9.00000000, 0.00000000, 10.00000000, 0.00000000, 0.00000000, 
0.00000000, 0.00000000, 0.00000000, 11.00000000, 12.00000000, 0.00000000, 13.00000000, 14.00000000, 15.00000000, 0.00000000, 
16.00000000, 17.00000000, 0.00000000, 18.00000000, 19.00000000, 20.00000000, 0.00000000, 21.00000000, 0.00000000, 22.00000000, 
0.00000000, 0.00000000, 0.00000000, 0.00000000, 23.00000000, 24.00000000, 25.00000000, 26.00000000, 0.00000000, 0.00000000, 
27.00000000, 28.00000000, 0.00000000, 29.00000000, 30.00000000, 0.00000000, 31.00000000, 0.00000000, 32.00000000, 33.00000000, 
34.00000000, 0.00000000, 0.00000000, 35.00000000, 36.00000000, 0.00000000, 0.00000000, 0.00000000, 37.00000000, 0.00000000, 
0.00000000, 0.00000000, 0.00000000, 38.00000000, 39.00000000, 0.00000000, 40.00000000, 0.00000000, 0.00000000, 41.00000000, 
42.00000000, 0.00000000, 0.00000000, 0.00000000, 43.00000000, 44.00000000, 0.00000000, 0.00000000, 0.00000000, 0.00000000, 
45.00000000, 0.00000000, 46.00000000, 47.00000000, 48.00000000, 0.00000000, 49.00000000, 0.00000000, 50.00000000, 51.00000000, 

lastupdate
0.000000, 0.000000, 0.000000, 0.000000, 0.000000, 0.000000, 0.000000, 0.000000, 0.000000, 0.000000, 
0.000000, 0.000000, 0.000000, 0.000000, 0.000000, 0.000000, 0.000000, 0.000000, 0.000000, 0.000000, 
0.000000, 0.000000, 0.000000, 0.000000, 0.000000, 0.000000, 0.000000, 0.000000, 0.000000, 0.000000, 
0.000000, 0.000000, 0.000000, 0.000000, 0.000000, 0.000000, 0.000000, 0.000000, 0.000000, 0.000000, 
0.000000, 0.000000, 0.000000, 0.000000, 0.000000, 0.000000, 0.000000, 0.000000, 0.000000, 0.000000, 
0.000000, 0.000000, 0.000000, 0.000000, 0.000000, 0.000000, 0.000000, 0.000000, 0.000000, 0.000000, 
0.000000, 0.000000, 0.000000, 0.000000, 0.000000, 0.000000, 0.000000, 0.000000, 0.000000, 0.000000, 
0.000000, 0.000000, 0.000000, 0.000000, 0.000000, 0.000000, 0.000000, 0.000000, 0.000000, 0.000000, 
0.000000, 0.000000, 0.000000, 0.000000, 0.000000, 0.000000, 0.000000, 0.000000, 0.000000, 0.000000, 
0.000000, 0.000000, 0.000000, 0.000000, 0.000000, 0.000000, 0.000000, 0.000000, 0.000000, 0.000000, 

target_I
0.00000000, 0.00000000, 0.00000000, 0.00000000, 0.00000000, 0.00000000, 0.00000000, 0.00000000, 0.00000000, 0.00000000, 
0.00000000, 0.00000000, 0.00000000, 0.00000000, 0.00000000, 0.00000000, 0.00000000, 0.00000000, 0.00000000, 0.00000000, 
0.00000000, 0.00000000, 0.00000000, 0.00000000, 0.00000000, 0.00000000, 0.00000000, 0.00000000, 0.00000000, 0.00000000, 
0.00000000, 0.00000000, 0.00000000, 0.00000000, 0.00000000, 0.00000000, 0.00000000, 0.00000000, 0.00000000, 0.00000000, 
0.00000000, 0.00000000, 0.00000000, 0.00000000, 0.00000000, 0.00000000, 0.00000000, 0.00000000, 0.00000000, 0.00000000, 
0.00000000, 0.00000000, 0.00000000, 0.00000000, 0.00000000, 0.00000000, 0.00000000, 0.00000000, 0.00000000, 0.00000000, 
0.00000000, 0.00000000, 0.00000000, 0.00000000, 0.00000000, 0.00000000, 0.00000000, 0.00000000, 0.00000000, 0.00000000, 
0.00000000, 0.00000000, 0.00000000, 0.00000000, 0.00000000, 0.00000000, 0.00000000, 0.00000000, 0.00000000, 0.00000000, 
0.00000000, 0.00000000, 0.00000000, 0.00000000, 0.00000000, 0.00000000, 0.00000000, 0.00000000, 0.00000000, 0.00000000, 
0.00000000, 0.00000000, 0.00000000, 0.00000000, 0.00000000, 0.00000000, 0.00000000, 0.00000000, 0.00000000, 0.00000000, 


ID
0.00000000, 0.00000000, 0.00000000, 1.00000000, 2.00000000, 0.00000000, 3.00000000, 4.00000000, 5.00000000, 0.00000000, 
6.00000000, 7.00000000, 0.00000000, 0.00000000, 8.00000000, 9.00000000, 0.00000000, 10.00000000, 0.00000000, 0.00000000, 
0.00000000, 0.00000000, 0.00000000, 11.00000000, 12.00000000, 0.00000000, 13.00000000, 14.00000000, 15.00000000, 0.00000000, 
16.00000000, 17.00000000, 0.00000000, 18.00000000, 19.00000000, 20.00000000, 0.00000000, 21.00000000, 0.00000000, 22.00000000, 
0.00000000, 0.00000000, 0.00000000, 0.00000000, 23.00000000, 24.00000000, 25.00000000, 26.00000000, 0.00000000, 0.00000000, 
27.00000000, 28.00000000, 0.00000000, 29.00000000, 30.00000000, 0.00000000, 31.00000000, 0.00000000, 32.00000000, 33.00000000, 
34.00000000, 0.00000000, 0.00000000, 35.00000000, 36.00000000, 0.00000000, 0.00000000, 0.00000000, 37.00000000, 0.00000000, 
0.00000000, 0.00000000, 0.00000000, 38.00000000, 39.00000000, 0.00000000, 40.00000000, 0.00000000, 0.00000000, 41.00000000, 
42.00000000, 0.00000000, 0.00000000, 0.00000000, 43.00000000, 44.00000000, 0.00000000, 0.00000000, 0.00000000, 0.00000000, 
45.00000000, 0.00000000, 46.00000000, 47.00000000, 48.00000000, 0.00000000, 49.00000000, 0.00000000, 50.00000000, 51.00000000, 

timesteps=4
Input Spikes Initialization done.
Writing to LMem.
Neurons Write Done.
Synapses Write Done.
Running on DFE.
249205632033 max_ticks
11799584 ticks
rec = 0
rec = 0, step = 0
DFE Runtime = 420.4608720 seconds
memory_reads = 4.823391, memory_writes = 5.909179, DFE_time = 420.460872
Neurons malloc done
Spike Array malloc done
Synapses malloc done
0 1 0 1 0 1 1 0 1 1 1 1 0 1 0 1 0 0 0 0 0 0 0 0 0 0 0 0 0 1 1 0 1 1 0 1 1 1 0 1 1 1 1 1 1 1 1 1 1 1 0 1 0 1 1 0 0 0 1 0 1 0 1 0 1 1 0 1 0 1 1 1 1 1 1 0 0 0 0 0 1 0 1 0 0 1 1 0 0 1 0 0 0 1 0 1 0 1 0 1 conn
0 1 0 1 1 0 1 1 1 0 
1 1 0 0 1 1 0 1 0 0 
0 0 0 1 1 0 1 1 1 0 
1 1 0 1 1 1 0 1 0 1 
0 0 0 0 1 1 1 1 0 0 
1 1 0 1 1 0 1 0 1 1 
1 0 0 1 1 0 0 0 1 0 
0 0 0 1 1 0 1 0 0 1 
1 0 0 0 1 1 0 0 0 0 
1 0 1 1 1 0 1 0 1 1 

w
6.89831039e-310, 0.00000000e+00, 0.00000000e+00, 0.00000000e+00, 0.00000000e+00, 0.00000000e+00, 0.00000000e+00, 0.00000000e+00, 0.00000000e+00, 0.00000000e+00, 
0.00000000e+00, 0.00000000e+00, 0.00000000e+00, 0.00000000e+00, 0.00000000e+00, 0.00000000e+00, 0.00000000e+00, 0.00000000e+00, 0.00000000e+00, 0.00000000e+00, 
6.89831039e-310, 0.00000000e+00, 1.48219694e-322, 0.00000000e+00, 0.00000000e+00, 0.00000000e+00, 0.00000000e+00, 0.00000000e+00, 0.00000000e+00, 2.25201604e-316, 
0.00000000e+00, 0.00000000e+00, 1.26480805e-321, 0.00000000e+00, 0.00000000e+00, 0.00000000e+00, 1.26480805e-321, 0.00000000e+00, 1.26480805e-321, 0.00000000e+00, 
6.89831039e-310, 2.25557094e-316, 0.00000000e+00, 0.00000000e+00, 0.00000000e+00, 0.00000000e+00, 0.00000000e+00, 0.00000000e+00, 0.00000000e+00, 6.32404027e-322, 
0.00000000e+00, 0.00000000e+00, 0.00000000e+00, 0.00000000e+00, 0.00000000e+00, 0.00000000e+00, 0.00000000e+00, 2.24106991e-316, 0.00000000e+00, 0.00000000e+00, 
0.00000000e+00, 0.00000000e+00, 0.00000000e+00, 0.00000000e+00, 0.00000000e+00, 2.24628329e-316, 0.00000000e+00, 0.00000000e+00, 0.00000000e+00, 0.00000000e+00, 
6.89831039e-310, 0.00000000e+00, 0.00000000e+00, 0.00000000e+00, 0.00000000e+00, 0.00000000e+00, 0.00000000e+00, 0.00000000e+00, 5.43230922e-312, 0.00000000e+00, 
0.00000000e+00, 2.25316069e-316, 0.00000000e+00, 0.00000000e+00, 0.00000000e+00, 0.00000000e+00, 0.00000000e+00, 2.25388795e-316, 0.00000000e+00, 0.00000000e+00, 
0.00000000e+00, 0.00000000e+00, 0.00000000e+00, 0.00000000e+00, 0.00000000e+00, 2.25555117e-316, 0.00000000e+00, 0.00000000e+00, 0.00000000e+00, 0.00000000e+00, 

FFp
2.26429416e-316, 0.00000000e+00, 2.24347542e-316, 0.00000000e+00, 0.00000000e+00, 0.00000000e+00, 0.00000000e+00, 0.00000000e+00, 0.00000000e+00, 0.00000000e+00, 
0.00000000e+00, 0.00000000e+00, 0.00000000e+00, 0.00000000e+00, 0.00000000e+00, 0.00000000e+00, 2.25980725e-316, 0.00000000e+00, 0.00000000e+00, 0.00000000e+00, 
2.26443803e-316, 6.89831039e-310, 2.12199579e-314, 0.00000000e+00, 0.00000000e+00, 1.57359908e-320, 0.00000000e+00, 0.00000000e+00, 0.00000000e+00, 1.26480805e-321, 
0.00000000e+00, 0.00000000e+00, 2.25396384e-316, 0.00000000e+00, 0.00000000e+00, 0.00000000e+00, 0.00000000e+00, 0.00000000e+00, 2.25834798e-316, 0.00000000e+00, 
0.00000000e+00, 1.26480805e-321, 2.25619939e-316, 0.00000000e+00, 0.00000000e+00, 0.00000000e+00, 0.00000000e+00, 0.00000000e+00, 2.26038116e-316, 0.00000000e+00, 
0.00000000e+00, 0.00000000e+00, 2.23734900e-316, 0.00000000e+00, 0.00000000e+00, 0.00000000e+00, 0.00000000e+00, 0.00000000e+00, 0.00000000e+00, 0.00000000e+00, 
0.00000000e+00, 0.00000000e+00, 0.00000000e+00, 0.00000000e+00, 0.00000000e+00, 0.00000000e+00, 2.24676471e-316, 0.00000000e+00, 0.00000000e+00, 0.00000000e+00, 
0.00000000e+00, 0.00000000e+00, 0.00000000e+00, 0.00000000e+00, 0.00000000e+00, 0.00000000e+00, 0.00000000e+00, 0.00000000e+00, 0.00000000e+00, 0.00000000e+00, 
0.00000000e+00, 0.00000000e+00, 2.25363973e-316, 0.00000000e+00, 0.00000000e+00, 0.00000000e+00, 0.00000000e+00, 0.00000000e+00, 2.25392669e-316, 0.00000000e+00, 
0.00000000e+00, 0.00000000e+00, 0.00000000e+00, 0.00000000e+00, 0.00000000e+00, 0.00000000e+00, 0.00000000e+00, 0.00000000e+00, 0.00000000e+00, 0.00000000e+00, 

FBp
2.26429416e-316, 0.00000000e+00, 4.94065646e-324, 1.00000000e+00, 2.00000000e+00, 0.00000000e+00, 3.00000000e+00, 4.00000000e+00, 5.00000000e+00, 2.25398439e-316, 
6.00000000e+00, 7.00000000e+00, 0.00000000e+00, 0.00000000e+00, 8.00000000e+00, 9.00000000e+00, 1.26480805e-321, 1.00000000e+01, 0.00000000e+00, 0.00000000e+00, 
2.26443803e-316, 2.12199579e-314, 2.26331235e-316, 1.10000000e+01, 1.20000000e+01, 2.24345882e-316, 1.30000000e+01, 1.40000000e+01, 1.50000000e+01, 0.00000000e+00, 
1.60000000e+01, 1.70000000e+01, 4.94065646e-324, 1.80000000e+01, 1.90000000e+01, 2.00000000e+01, 0.00000000e+00, 2.10000000e+01, 4.94065646e-324, 2.20000000e+01, 
0.00000000e+00, 2.26038116e-316, 4.94065646e-324, 2.25637330e-316, 2.30000000e+01, 2.40000000e+01, 2.50000000e+01, 2.60000000e+01, 4.94065646e-324, 2.26052029e-316, 
2.70000000e+01, 2.80000000e+01, 0.00000000e+00, 2.90000000e+01, 3.00000000e+01, 0.00000000e+00, 3.10000000e+01, 0.00000000e+00, 3.20000000e+01, 3.30000000e+01, 
3.40000000e+01, 2.24349360e-316, 0.00000000e+00, 3.50000000e+01, 3.60000000e+01, 0.00000000e+00, 0.00000000e+00, 2.24680028e-316, 3.70000000e+01, 0.00000000e+00, 
0.00000000e+00, 0.00000000e+00, 0.00000000e+00, 3.80000000e+01, 3.90000000e+01, 2.25205161e-316, 4.00000000e+01, 0.00000000e+00, 0.00000000e+00, 4.10000000e+01, 
4.20000000e+01, 0.00000000e+00, 0.00000000e+00, 2.25372036e-316, 4.30000000e+01, 4.40000000e+01, 0.00000000e+00, 0.00000000e+00, 0.00000000e+00, 2.25400099e-316, 
4.50000000e+01, 2.25408242e-316, 4.60000000e+01, 4.70000000e+01, 4.80000000e+01, 0.00000000e+00, 4.90000000e+01, 2.25564050e-316, 5.00000000e+01, 5.10000000e+01, 

FBn
0.00000000e+00, 0.00000000e+00, 0.00000000e+00, 1.00000000e+00, 2.00000000e+00, 0.00000000e+00, 3.00000000e+00, 4.00000000e+00, 5.00000000e+00, 1.26974871e-321, 
6.00000000e+00, 7.00000000e+00, 2.25631875e-316, 0.00000000e+00, 8.00000000e+00, 9.00000000e+00, 0.00000000e+00, 1.00000000e+01, 2.26045389e-316, 0.00000000e+00, 
0.00000000e+00, 0.00000000e+00, 0.00000000e+00, 1.10000000e+01, 1.20000000e+01, 6.89831039e-310, 1.30000000e+01, 1.40000000e+01, 1.50000000e+01, 1.26575255e+266, 
1.60000000e+01, 1.70000000e+01, 0.00000000e+00, 1.80000000e+01, 1.90000000e+01, 2.00000000e+01, 2.25220338e-316, 2.10000000e+01, 0.00000000e+00, 2.20000000e+01, 
0.00000000e+00, 4.94065646e-324, 2.26052029e-316, 1.26480805e-321, 2.30000000e+01, 2.40000000e+01, 2.50000000e+01, 2.60000000e+01, 2.26212659e-316, 4.94065646e-324, 
2.70000000e+01, 2.80000000e+01, 0.00000000e+00, 2.90000000e+01, 3.00000000e+01, 0.00000000e+00, 3.10000000e+01, 0.00000000e+00, 3.20000000e+01, 3.30000000e+01, 
3.40000000e+01, 0.00000000e+00, 2.24441770e-316, 3.50000000e+01, 3.60000000e+01, 0.00000000e+00, 0.00000000e+00, 0.00000000e+00, 3.70000000e+01, 0.00000000e+00, 
2.24869908e-316, 0.00000000e+00, 0.00000000e+00, 3.80000000e+01, 3.90000000e+01, 0.00000000e+00, 4.00000000e+01, 0.00000000e+00, 0.00000000e+00, 4.10000000e+01, 
4.20000000e+01, 0.00000000e+00, 0.00000000e+00, 0.00000000e+00, 4.30000000e+01, 4.40000000e+01, 0.00000000e+00, 0.00000000e+00, 0.00000000e+00, 0.00000000e+00, 
4.50000000e+01, 0.00000000e+00, 4.60000000e+01, 4.70000000e+01, 4.80000000e+01, 0.00000000e+00, 4.90000000e+01, 5.43230922e-312, 5.00000000e+01, 5.10000000e+01, 

R
0.00000000e+00, 0.00000000e+00, 0.00000000e+00, 1.00000000e+00, 2.00000000e+00, 2.25201604e-316, 3.00000000e+00, 4.00000000e+00, 5.00000000e+00, 0.00000000e+00, 
6.00000000e+00, 7.00000000e+00, 1.26480805e-321, 2.25638990e-316, 8.00000000e+00, 9.00000000e+00, 0.00000000e+00, 1.00000000e+01, 1.26480805e-321, 2.26111080e-316, 
0.00000000e+00, 0.00000000e+00, 6.89831039e-310, 1.10000000e+01, 1.20000000e+01, 0.00000000e+00, 1.30000000e+01, 1.40000000e+01, 1.50000000e+01, 2.51313104e+180, 
1.60000000e+01, 1.70000000e+01, 0.00000000e+00, 1.80000000e+01, 1.90000000e+01, 2.00000000e+01, 4.94065646e-324, 2.10000000e+01, 0.00000000e+00, 2.20000000e+01, 
0.00000000e+00, 0.00000000e+00, 4.94065646e-324, 2.26119538e-316, 2.30000000e+01, 2.40000000e+01, 2.50000000e+01, 2.60000000e+01, 4.94065646e-324, 2.26219932e-316, 
2.70000000e+01, 2.80000000e+01, 0.00000000e+00, 2.90000000e+01, 3.00000000e+01, 2.23968416e-316, 3.10000000e+01, 0.00000000e+00, 3.20000000e+01, 3.30000000e+01, 
3.40000000e+01, 0.00000000e+00, 0.00000000e+00, 3.50000000e+01, 3.60000000e+01, 0.00000000e+00, 0.00000000e+00, 0.00000000e+00, 3.70000000e+01, 2.24822161e-316, 
0.00000000e+00, 2.24877259e-316, 0.00000000e+00, 3.80000000e+01, 3.90000000e+01, 0.00000000e+00, 4.00000000e+01, 2.25212908e-316, 0.00000000e+00, 4.10000000e+01, 
4.20000000e+01, 0.00000000e+00, 0.00000000e+00, 0.00000000e+00, 4.30000000e+01, 4.40000000e+01, 0.00000000e+00, 0.00000000e+00, 0.00000000e+00, 0.00000000e+00, 
4.50000000e+01, 0.00000000e+00, 4.60000000e+01, 4.70000000e+01, 4.80000000e+01, 0.00000000e+00, 4.90000000e+01, 0.00000000e+00, 5.00000000e+01, 5.10000000e+01, 

u
2.24203038e-316, 1.00000000e+00, 0.00000000e+00, 1.00000000e+00, 1.00000000e+00, 1.26480805e-321, 1.00000000e+00, 1.00000000e+00, 1.00000000e+00, 0.00000000e+00, 
1.00000000e+00, 1.00000000e+00, 0.00000000e+00, 1.26974871e-321, 1.00000000e+00, 1.00000000e+00, 0.00000000e+00, 1.00000000e+00, 0.00000000e+00, 4.94065646e-324, 
0.00000000e+00, 2.26444989e-316, 0.00000000e+00, 1.00000000e+00, 1.00000000e+00, 0.00000000e+00, 1.00000000e+00, 1.00000000e+00, 1.00000000e+00, 1.64156733e+55, 
1.00000000e+00, 1.00000000e+00, 2.24347542e-316, 1.00000000e+00, 1.00000000e+00, 1.00000000e+00, 2.25637330e-316, 1.00000000e+00, 2.25375752e-316, 1.00000000e+00, 
2.25509584e-316, 0.00000000e+00, 0.00000000e+00, 4.94065646e-324, 1.00000000e+00, 1.00000000e+00, 1.00000000e+00, 1.00000000e+00, 0.00000000e+00, 1.26480805e-321, 
1.00000000e+00, 1.00000000e+00, 0.00000000e+00, 1.00000000e+00, 1.00000000e+00, 0.00000000e+00, 1.00000000e+00, 0.00000000e+00, 1.00000000e+00, 1.00000000e+00, 
1.00000000e+00, 0.00000000e+00, 0.00000000e+00, 1.00000000e+00, 1.00000000e+00, 0.00000000e+00, 0.00000000e+00, 0.00000000e+00, 1.00000000e+00, 0.00000000e+00, 
0.00000000e+00, 0.00000000e+00, 2.25014965e-316, 1.00000000e+00, 1.00000000e+00, 0.00000000e+00, 1.00000000e+00, 0.00000000e+00, 2.25216702e-316, 1.00000000e+00, 
1.00000000e+00, 0.00000000e+00, 0.00000000e+00, 0.00000000e+00, 1.00000000e+00, 1.00000000e+00, 2.25386898e-316, 0.00000000e+00, 0.00000000e+00, 0.00000000e+00, 
1.00000000e+00, 0.00000000e+00, 1.00000000e+00, 1.00000000e+00, 1.00000000e+00, 0.00000000e+00, 1.00000000e+00, 0.00000000e+00, 1.00000000e+00, 1.00000000e+00, 

U
1.26480805e-321, 0.00000000e+00, 0.00000000e+00, 1.00000000e+00, 2.00000000e+00, 0.00000000e+00, 3.00000000e+00, 4.00000000e+00, 5.00000000e+00, 0.00000000e+00, 
6.00000000e+00, 7.00000000e+00, 0.00000000e+00, 0.00000000e+00, 8.00000000e+00, 9.00000000e+00, 0.00000000e+00, 1.00000000e+01, 0.00000000e+00, 0.00000000e+00, 
0.00000000e+00, -nan, 0.00000000e+00, 1.10000000e+01, 1.20000000e+01, 2.26448230e-316, 1.30000000e+01, 1.40000000e+01, 1.50000000e+01, 2.25220338e-316, 
1.60000000e+01, 1.70000000e+01, 4.94065646e-324, 1.80000000e+01, 1.90000000e+01, 2.00000000e+01, 1.26480805e-321, 2.10000000e+01, 4.94065646e-324, 2.20000000e+01, 
1.26480805e-321, 2.25566184e-316, 0.00000000e+00, 0.00000000e+00, 2.30000000e+01, 2.40000000e+01, 2.50000000e+01, 2.60000000e+01, 0.00000000e+00, 0.00000000e+00, 
2.70000000e+01, 2.80000000e+01, 0.00000000e+00, 2.90000000e+01, 3.00000000e+01, 0.00000000e+00, 3.10000000e+01, 2.24108967e-316, 3.20000000e+01, 3.30000000e+01, 
3.40000000e+01, 0.00000000e+00, 0.00000000e+00, 3.50000000e+01, 3.60000000e+01, 2.24630306e-316, 0.00000000e+00, 0.00000000e+00, 3.70000000e+01, 0.00000000e+00, 
0.00000000e+00, 0.00000000e+00, 0.00000000e+00, 3.80000000e+01, 3.90000000e+01, 0.00000000e+00, 4.00000000e+01, 0.00000000e+00, 5.43230922e-312, 4.10000000e+01, 
4.20000000e+01, 2.25362234e-316, 0.00000000e+00, 0.00000000e+00, 4.30000000e+01, 4.40000000e+01, 0.00000000e+00, 2.25390771e-316, 0.00000000e+00, 0.00000000e+00, 
4.50000000e+01, 0.00000000e+00, 4.60000000e+01, 4.70000000e+01, 4.80000000e+01, 2.25558754e-316, 4.90000000e+01, 0.00000000e+00, 5.00000000e+01, 5.10000000e+01, 

A
0.00000000e+00, 0.00000000e+00, 2.24820343e-316, 1.00000000e+00, 2.00000000e+00, 0.00000000e+00, 3.00000000e+00, 4.00000000e+00, 5.00000000e+00, 0.00000000e+00, 
6.00000000e+00, 7.00000000e+00, 0.00000000e+00, 0.00000000e+00, 8.00000000e+00, 9.00000000e+00, 2.25982543e-316, 1.00000000e+01, 0.00000000e+00, 0.00000000e+00, 
0.00000000e+00, 0.00000000e+00, 0.00000000e+00, 1.10000000e+01, 1.20000000e+01, 6.89831039e-310, 1.30000000e+01, 1.40000000e+01, 1.50000000e+01, 6.98613374e+228, 
1.60000000e+01, 1.70000000e+01, 2.25398439e-316, 1.80000000e+01, 1.90000000e+01, 2.00000000e+01, 0.00000000e+00, 2.10000000e+01, 2.25891873e-316, 2.20000000e+01, 
2.25984124e-316, 1.26974871e-321, 2.25631875e-316, 0.00000000e+00, 2.30000000e+01, 2.40000000e+01, 2.50000000e+01, 2.60000000e+01, 2.26045389e-316, 0.00000000e+00, 
2.70000000e+01, 2.80000000e+01, 2.23781066e-316, 2.90000000e+01, 3.00000000e+01, 0.00000000e+00, 3.10000000e+01, 0.00000000e+00, 3.20000000e+01, 3.30000000e+01, 
3.40000000e+01, 0.00000000e+00, 0.00000000e+00, 3.50000000e+01, 3.60000000e+01, 0.00000000e+00, 2.24678131e-316, 0.00000000e+00, 3.70000000e+01, 0.00000000e+00, 
0.00000000e+00, 0.00000000e+00, 0.00000000e+00, 3.80000000e+01, 3.90000000e+01, 0.00000000e+00, 4.00000000e+01, 0.00000000e+00, 0.00000000e+00, 4.10000000e+01, 
4.20000000e+01, 0.00000000e+00, 2.25368163e-316, 0.00000000e+00, 4.30000000e+01, 4.40000000e+01, 0.00000000e+00, 0.00000000e+00, 2.25394487e-316, 0.00000000e+00, 
4.50000000e+01, 0.00000000e+00, 4.60000000e+01, 4.70000000e+01, 4.80000000e+01, 0.00000000e+00, 4.90000000e+01, 0.00000000e+00, 5.00000000e+01, 5.10000000e+01, 

lastupdate
0.000000, 0.000000, 0.000000, 0.000000, 0.000000, 0.000000, 0.000000, 0.000000, 0.000000, 0.000000, 
0.000000, 0.000000, 0.000000, 0.000000, 0.000000, 0.000000, 0.000000, 0.000000, 0.000000, 0.000000, 
0.000000, 0.000000, 0.000000, 0.000000, 0.000000, 0.000000, 0.000000, 0.000000, 0.000000, 0.000000, 
0.000000, 0.000000, 0.000000, 0.000000, 0.000000, 0.000000, 0.000000, 0.000000, 0.000000, 0.000000, 
0.000000, 0.000000, 0.000000, 0.000000, 0.000000, 0.000000, 0.000000, 0.000000, 0.000000, 0.000000, 
0.000000, 0.000000, 0.000000, 0.000000, 0.000000, 0.000000, 0.000000, 0.000000, 0.000000, 0.000000, 
0.000000, 0.000000, 0.000000, 0.000000, 0.000000, 0.000000, 0.000000, 0.000000, 0.000000, 0.000000, 
0.000000, 0.000000, 0.000000, 0.000000, 0.000000, 0.000000, 0.000000, 0.000000, 0.000000, 0.000000, 
0.000000, 0.000000, 0.000000, 0.000000, 0.000000, 0.000000, 0.000000, 0.000000, 0.000000, 0.000000, 
0.000000, 0.000000, 0.000000, 0.000000, 0.000000, 0.000000, 0.000000, 0.000000, 0.000000, 0.000000, 

target_I
0.00000000e+00, 0.00000000e+00, 0.00000000e+00, 0.00000000e+00, 0.00000000e+00, 0.00000000e+00, 0.00000000e+00, 0.00000000e+00, 0.00000000e+00, 1.26480805e-321, 
0.00000000e+00, 0.00000000e+00, 2.25637330e-316, 0.00000000e+00, 0.00000000e+00, 0.00000000e+00, 0.00000000e+00, 0.00000000e+00, 2.26052029e-316, 0.00000000e+00, 
0.00000000e+00, 0.00000000e+00, 0.00000000e+00, 0.00000000e+00, 0.00000000e+00, 4.94065646e-324, 0.00000000e+00, 0.00000000e+00, 0.00000000e+00, 2.76217459e+257, 
0.00000000e+00, 0.00000000e+00, 0.00000000e+00, 0.00000000e+00, 0.00000000e+00, 0.00000000e+00, 2.25366187e-316, 0.00000000e+00, 0.00000000e+00, 0.00000000e+00, 
0.00000000e+00, 1.26480805e-321, 2.26111080e-316, 1.26974871e-321, 0.00000000e+00, 0.00000000e+00, 0.00000000e+00, 0.00000000e+00, 2.26218272e-316, 4.94065646e-324, 
0.00000000e+00, 0.00000000e+00, 0.00000000e+00, 0.00000000e+00, 0.00000000e+00, 0.00000000e+00, 0.00000000e+00, 0.00000000e+00, 0.00000000e+00, 0.00000000e+00, 
0.00000000e+00, 0.00000000e+00, 2.24488015e-316, 0.00000000e+00, 0.00000000e+00, 0.00000000e+00, 0.00000000e+00, 0.00000000e+00, 0.00000000e+00, 0.00000000e+00, 
2.24875599e-316, 0.00000000e+00, 0.00000000e+00, 0.00000000e+00, 0.00000000e+00, 0.00000000e+00, 0.00000000e+00, 0.00000000e+00, 0.00000000e+00, 0.00000000e+00, 
0.00000000e+00, 0.00000000e+00, 0.00000000e+00, 0.00000000e+00, 0.00000000e+00, 0.00000000e+00, 0.00000000e+00, 0.00000000e+00, 0.00000000e+00, 0.00000000e+00, 
0.00000000e+00, 0.00000000e+00, 0.00000000e+00, 0.00000000e+00, 0.00000000e+00, 0.00000000e+00, 0.00000000e+00, 0.00000000e+00, 0.00000000e+00, 0.00000000e+00, 

CPU Time: 0.000660
Acceleration: 0.000002
Neurons vt: Average error= 0.00000000e+00 Relative Average Error= -nan
Neurons vm: Average error= 3.00407410e-09 Relative Average Error= -4.25506247e-08
Neurons I: Average error= 3.37039454e-02 Relative Average Error= 6.90029090e-06
Neurons x: Average error= -1.54977202e-17 Relative Average Error= -4.85071154e-08
Neurons Spikes: Average error= 0.00000000e+00 Relative Average Error= 0.00000000e+00
Synapses w: Average error= 1.27320054e-09 Relative Average Error= 2.82864840e-07
Synapses FFp: Average error= -3.61128386e-08 Relative Average Error= -1.77549113e-08
Synapses FBp: Average error= 8.74000216e-08 Relative Average Error= 5.76713973e-09
Synapses FBn: Average error= 1.26575255e+264 Relative Average Error= 1.00000000e+00
sum_CPU = 2.51313104e+180, sum_DFE = 1.14346147e-02
Synapses R: Average error= 2.51313104e+178 Relative Average Error= 1.00000000e+00
Synapses u: Average error= 1.64156733e+53 Relative Average Error= 1.00000000e+00
sum_CPU = -nan, sum_DFE = 1.04218692e+00
Synapses U: Average error= -nan Relative Average Error= -nan
Synapses A: Average error= 6.98613374e+226 Relative Average Error= 1.00000000e+00
