N_S_pad = 0, N_Group_S_pad = 384, N_Group_T_pad = 384
F_input done.
Neuron Initialization done.
Synapses Connectivity Initialization done.
Synapses Initialization done.
timesteps=4
Input Spikes Initialization done.
Writing to LMem.
Neurons Write Done.
Synapses Write Done.
Running on DFE.
249205632033 max_ticks
11799584 ticks
rec = 0
rec = 0, step = 0
DFE Runtime = 441.3182070 seconds
memory_reads = 4.634701, memory_writes = 6.136914, DFE_time = 441.318207
vt
1.79999992e-02
1.79999992e-02
1.79999992e-02
1.79999992e-02
1.79999992e-02
1.79999992e-02
1.79999992e-02
1.79999992e-02
1.79999992e-02
1.79999992e-02
vm
-7.06000030e-02
-7.06000030e-02
-7.06000030e-02
-7.06000030e-02
-7.06000030e-02
-7.06000030e-02
-7.06000030e-02
-7.06000030e-02
-7.06000030e-02
-7.06000030e-02
I
4.88389990e+03
4.88635107e+03
4.88389990e+03
4.88389990e+03
4.88389990e+03
4.88389990e+03
4.88389990e+03
4.88635107e+03
4.88389990e+03
4.88389990e+03
x
3.19493765e-10
3.19493765e-10
3.19493765e-10
3.19493765e-10
3.19493765e-10
3.19493765e-10
3.19493765e-10
3.19493765e-10
3.19493765e-10
3.19493765e-10
Spike
1.00000000e+00
1.00000000e+00
1.00000000e+00
1.00000000e+00
1.00000000e+00
1.00000000e+00
1.00000000e+00
1.00000000e+00
1.00000000e+00
1.00000000e+00
ID
0.00000000e+00
6.00000000e+00
1.20000000e+01
1.80000000e+01
2.40000000e+01
3.00000000e+01
3.60000000e+01
4.20000000e+01
4.80000000e+01
5.40000000e+01
conn
0, 1, 0, 1, 1, 0, 1, 1, 1, 0, 
1, 1, 0, 0, 1, 1, 0, 1, 0, 0, 
0, 0, 0, 1, 1, 0, 1, 1, 1, 0, 
1, 1, 0, 1, 1, 1, 0, 1, 0, 1, 
0, 0, 0, 0, 1, 1, 1, 1, 0, 0, 
1, 1, 0, 1, 1, 0, 1, 0, 1, 1, 
1, 0, 0, 1, 1, 0, 0, 0, 1, 0, 
0, 0, 0, 1, 1, 0, 1, 0, 0, 1, 
1, 0, 0, 0, 1, 1, 0, 0, 0, 0, 
1, 0, 1, 1, 1, 0, 1, 0, 1, 1, 

w
0.00000000, 0.00000000, 0.00000000, 0.05334213, 0.39676690, 0.00000000, 0.00000000, 0.00000000, 0.00000000, 0.00000000, 
0.00000000, 0.00000000, 0.00000000, 0.00000000, 0.00000000, 0.00000000, 0.00000000, 0.00000000, 0.00000000, 0.00000000, 
0.00000000, 0.00000000, 0.00000000, 0.00000000, 0.00000000, 0.00000000, 0.00000000, 0.00000000, 0.00000000, 0.00000000, 
0.00000000, 0.00000000, 0.00000000, 0.00000000, 0.00000000, 0.00000000, 0.00000000, 0.00000000, 0.00000000, 0.00000000, 
0.00000000, 0.00000000, 0.00000000, 0.00000000, 0.00000000, 0.00000000, 0.00000000, 0.00000000, 0.00000000, 0.00000000, 
0.00000000, 0.00000000, 0.00000000, 0.00000000, 0.00000000, 0.00000000, 0.00000000, 0.00000000, 0.00000000, 0.00000000, 
0.00000000, 0.00000000, 0.00000000, 0.00000000, 0.00000000, 0.00000000, 0.00000000, 0.00000000, 0.00000000, 0.00000000, 
0.00000000, 0.00000000, 0.00000000, 0.00000000, 0.00000000, 0.00000000, 0.00000000, 0.00000000, 0.00000000, 0.00000000, 
0.00000000, 0.00000000, 0.00000000, 0.00000000, 0.00000000, 0.00000000, 0.00000000, 0.00000000, 0.00000000, 0.00000000, 
0.00000000, 0.00000000, 0.00000000, 0.00000000, 0.00000000, 0.00000000, 0.00000000, 0.00000000, 0.00000000, 0.00000000, 

FFp
0.00000000, 3.91146803, 0.00000000, 3.91146803, 3.91146803, 0.00000000, 3.91146803, 3.91146803, 3.91146803, 0.00000000, 
3.91146803, 3.91146803, 0.00000000, 0.00000000, 3.91146803, 3.91146803, 0.00000000, 3.91146803, 0.00000000, 0.00000000, 
0.00000000, 0.00000000, 0.00000000, 3.91146803, 3.91146803, 0.00000000, 3.91146803, 3.91146803, 3.91146803, 0.00000000, 
3.91146803, 3.91146803, 0.00000000, 3.91146803, 3.91146803, 3.91146803, 0.00000000, 3.91146803, 0.00000000, 3.91146803, 
0.00000000, 0.00000000, 0.00000000, 0.00000000, 3.91146803, 3.91146803, 3.91146803, 3.91146803, 0.00000000, 0.00000000, 
3.91146803, 3.91146803, 0.00000000, 3.91146803, 3.91146803, 0.00000000, 3.91146803, 0.00000000, 3.91146803, 3.91146803, 
3.91146803, 0.00000000, 0.00000000, 3.91146803, 3.91146803, 0.00000000, 0.00000000, 0.00000000, 3.91146803, 0.00000000, 
0.00000000, 0.00000000, 0.00000000, 3.91146803, 3.91146803, 0.00000000, 3.91146803, 0.00000000, 0.00000000, 3.91146803, 
3.91146803, 0.00000000, 0.00000000, 0.00000000, 3.91146803, 3.91146803, 0.00000000, 0.00000000, 0.00000000, 0.00000000, 
3.91146803, 0.00000000, 3.91146803, 3.91146803, 3.91146803, 0.00000000, 3.91146803, 0.00000000, 3.91146803, 3.91146803, 

FBp
0.00000000, 3.97406721, 0.00000000, 4.96111965, 5.94817209, 0.00000000, 6.93522453, 7.92227697, 8.90932941, 0.00000000, 
9.89638138, 10.88343334, 0.00000000, 0.00000000, 11.87048626, 12.85753918, 0.00000000, 13.84459114, 0.00000000, 0.00000000, 
0.00000000, 0.00000000, 0.00000000, 14.83164406, 15.81869602, 0.00000000, 16.80574799, 17.79280281, 18.77985382, 0.00000000, 
19.76690674, 20.75395775, 0.00000000, 21.74101067, 22.72806358, 23.71511650, 0.00000000, 24.70216751, 0.00000000, 25.68921852, 
0.00000000, 0.00000000, 0.00000000, 0.00000000, 26.67627335, 27.66332436, 28.65037727, 29.63742828, 0.00000000, 0.00000000, 
30.62448120, 31.61153603, 0.00000000, 32.59858704, 33.58563995, 0.00000000, 34.57268906, 0.00000000, 35.55974197, 36.54679489, 
37.53385162, 0.00000000, 0.00000000, 38.52090073, 39.50795364, 0.00000000, 0.00000000, 0.00000000, 40.49501038, 0.00000000, 
0.00000000, 0.00000000, 0.00000000, 41.48205566, 42.46911240, 0.00000000, 43.45616150, 0.00000000, 0.00000000, 44.44321823, 
45.43026733, 0.00000000, 0.00000000, 0.00000000, 46.41732025, 47.40437317, 0.00000000, 0.00000000, 0.00000000, 0.00000000, 
48.39142609, 0.00000000, 49.37847519, 50.36553192, 51.35258102, 0.00000000, 52.33963394, 0.00000000, 53.32668686, 54.31373978, 

FBn
0.00000000, 3.82289195, 0.00000000, 4.73523140, 5.64757109, 0.00000000, 6.55991030, 7.47224998, 8.38459015, 0.00000000, 
9.29692841, 10.20926857, 0.00000000, 0.00000000, 11.12160778, 12.03394794, 0.00000000, 12.94628716, 0.00000000, 0.00000000, 
0.00000000, 0.00000000, 0.00000000, 13.85862732, 14.77096653, 0.00000000, 15.68330574, 16.59564590, 17.50798225, 0.00000000, 
18.42032433, 19.33266258, 0.00000000, 20.24500275, 21.15734100, 22.06968307, 0.00000000, 22.98202133, 0.00000000, 23.89435959, 
0.00000000, 0.00000000, 0.00000000, 0.00000000, 24.80669975, 25.71903992, 26.63138008, 27.54371834, 0.00000000, 0.00000000, 
28.45605659, 29.36839867, 0.00000000, 30.28073692, 31.19307709, 0.00000000, 32.10541153, 0.00000000, 33.01775360, 33.93009567, 
34.84243774, 0.00000000, 0.00000000, 35.75477600, 36.66711426, 0.00000000, 0.00000000, 0.00000000, 37.57945633, 0.00000000, 
0.00000000, 0.00000000, 0.00000000, 38.49179077, 39.40413284, 0.00000000, 40.31647110, 0.00000000, 0.00000000, 41.22880936, 
42.14115143, 0.00000000, 0.00000000, 0.00000000, 43.05348969, 43.96583176, 0.00000000, 0.00000000, 0.00000000, 0.00000000, 
44.87816620, 0.00000000, 45.79050827, 46.70284653, 47.61518478, 0.00000000, 48.52752304, 0.00000000, 49.43986893, 50.35220718, 

R
0, 0.00030201674, 0, 1.8656254e-05, 4.3869019e-05, 0, 9.3638897e-05, 0.0001513958, 0.00017762184, 0, 
0.00019943714, 0.00019943714, 0, 0, 0.00019943714, 0.00019943714, 0, 0.00019943714, 0, 0, 
0, 0, 0, 0.00019943714, 0.00019943714, 0, 0.00019943714, 0.00019943714, 0.00019943714, 0, 
0.00019943714, 0.00019943714, 0, 0.00019943714, 0.00019943714, 0.00019943714, 0, 0.00019943714, 0, 0.00019943714, 
0, 0, 0, 0, 0.00019943714, 0.00019943714, 0.00019943714, 0.00019943714, 0, 0, 
0.00019943714, 0.00019943714, 0, 0.00019943714, 0.00019943714, 0, 0.00019943714, 0, 0.00019943714, 0.00019943714, 
0.00019943714, 0, 0, 0.00019943714, 0.00019943714, 0, 0, 0, 0.00023663044, 0, 
0, 0, 0, 0.00030201674, 0.00030201674, 0, 0.00030201674, 0, 0, 0.00030201674, 
0.00030201674, 0, 0, 0, 0.00030201674, 0.00030201674, 0, 0, 0, 0, 
0.00030201674, 0, 0.00030201674, 0.00030201674, 0.00030201674, 0, 0.00030201674, 0, 0.00030201674, 0.00030201674, 

u
0.00000000, 0.94176471, 0.00000000, 0.99888241, 0.99422210, 0.00000000, 0.98133767, 0.96996129, 0.96492630, 0.00000000, 
0.96078956, 0.96078956, 0.00000000, 0.00000000, 0.96078956, 0.96078956, 0.00000000, 0.96078956, 0.00000000, 0.00000000, 
0.00000000, 0.00000000, 0.00000000, 0.96078956, 0.96078956, 0.00000000, 0.96078956, 0.96078956, 0.96078956, 0.00000000, 
0.96078956, 0.96078956, 0.00000000, 0.96078956, 0.96078956, 0.96078956, 0.00000000, 0.96078956, 0.00000000, 0.96078956, 
0.00000000, 0.00000000, 0.00000000, 0.00000000, 0.96078956, 0.96078956, 0.96078956, 0.96078956, 0.00000000, 0.00000000, 
0.96078956, 0.96078956, 0.00000000, 0.96078956, 0.96078956, 0.00000000, 0.96078956, 0.00000000, 0.96078956, 0.96078956, 
0.96078956, 0.00000000, 0.00000000, 0.96078956, 0.96078956, 0.00000000, 0.00000000, 0.00000000, 0.95379812, 0.00000000, 
0.00000000, 0.00000000, 0.00000000, 0.94176471, 0.94176471, 0.00000000, 0.94176471, 0.00000000, 0.00000000, 0.94176471, 
0.94176471, 0.00000000, 0.00000000, 0.00000000, 0.94176471, 0.94176471, 0.00000000, 0.00000000, 0.00000000, 0.00000000, 
0.94176471, 0.00000000, 0.94176471, 0.94176471, 0.94176471, 0.00000000, 0.94176471, 0.00000000, 0.94176471, 0.94176471, 

U
0, 0, 0, 0.7007618, 0.34142512, 0, 0, 0, 0, 0, 
0, 0, 0, 0, 0, 0, 0, 0, 0, 0, 
0, 0, 0, 0, 0, 0, 0, 0, 0, 0, 
0, 0, 0, 0, 0, 0, 0, 0, 0, 0, 
0, 0, 0, 0, 0, 0, 0, 0, 0, 0, 
0, 0, 0, 0, 0, 0, 0, 0, 0, 0, 
0, 0, 0, 0, 0, 0, 0, 0, 0, 0, 
0, 0, 0, 0, 0, 0, 0, 0, 0, 0, 
0, 0, 0, 0, 0, 0, 0, 0, 0, 0, 
0, 0, 0, 0, 0, 0, 0, 0, 0, 0, 

A
0.00000000, 0.00000000, 0.00000000, 0.07612020, 1.16209054, 0.00000000, 1.33844376, 1.41514444, 1.49184489, 0.00000000, 
1.56854534, 1.64524603, 0.00000000, 0.00000000, 1.72194648, 1.79864740, 0.00000000, 1.87534785, 0.00000000, 0.00000000, 
0.00000000, 0.00000000, 0.00000000, 1.95204806, 2.00000000, 0.00000000, 2.00000000, 2.00000000, 2.00000000, 0.00000000, 
2.00000000, 2.00000000, 0.00000000, 2.00000000, 2.00000000, 2.00000000, 0.00000000, 2.00000000, 0.00000000, 2.00000000, 
0.00000000, 0.00000000, 0.00000000, 0.00000000, 2.00000000, 2.00000000, 2.00000000, 2.00000000, 0.00000000, 0.00000000, 
2.00000000, 2.00000000, 0.00000000, 2.00000000, 2.00000000, 0.00000000, 2.00000000, 0.00000000, 2.00000000, 2.00000000, 
2.00000000, 0.00000000, 0.00000000, 2.00000000, 2.00000000, 0.00000000, 0.00000000, 0.00000000, 2.00000000, 0.00000000, 
0.00000000, 0.00000000, 0.00000000, 2.00000000, 2.00000000, 0.00000000, 2.00000000, 0.00000000, 0.00000000, 2.00000000, 
2.00000000, 0.00000000, 0.00000000, 0.00000000, 2.00000000, 2.00000000, 0.00000000, 0.00000000, 0.00000000, 0.00000000, 
2.00000000, 0.00000000, 2.00000000, 2.00000000, 2.00000000, 0.00000000, 2.00000000, 0.00000000, 2.00000000, 2.00000000, 

lastupdate
0.000000, 0.003000, 0.000000, 0.003000, 0.003000, 0.000000, 0.003000, 0.003000, 0.003000, 0.000000, 
0.003000, 0.003000, 0.000000, 0.000000, 0.003000, 0.003000, 0.000000, 0.003000, 0.000000, 0.000000, 
0.000000, 0.000000, 0.000000, 0.003000, 0.003000, 0.000000, 0.003000, 0.003000, 0.003000, 0.000000, 
0.003000, 0.003000, 0.000000, 0.003000, 0.003000, 0.003000, 0.000000, 0.003000, 0.000000, 0.003000, 
0.000000, 0.000000, 0.000000, 0.000000, 0.003000, 0.003000, 0.003000, 0.003000, 0.000000, 0.000000, 
0.003000, 0.003000, 0.000000, 0.003000, 0.003000, 0.000000, 0.003000, 0.000000, 0.003000, 0.003000, 
0.003000, 0.000000, 0.000000, 0.003000, 0.003000, 0.000000, 0.000000, 0.000000, 0.003000, 0.000000, 
0.000000, 0.000000, 0.000000, 0.003000, 0.003000, 0.000000, 0.003000, 0.000000, 0.000000, 0.003000, 
0.003000, 0.000000, 0.000000, 0.000000, 0.003000, 0.003000, 0.000000, 0.000000, 0.000000, 0.000000, 
0.003000, 0.000000, 0.003000, 0.003000, 0.003000, 0.000000, 0.003000, 0.000000, 0.003000, 0.003000, 

target_I
0.00000000, 0.00000000, 0.00000000, 1029.39331055, 3636.67138672, 0.00000000, 3964.27563477, 4040.93310547, 4146.84765625, 0.00000000, 
4252.74462891, 4359.31591797, 0.00000000, 0.00000000, 4465.88574219, 4572.45751953, 0.00000000, 4679.02832031, 0.00000000, 0.00000000, 
0.00000000, 0.00000000, 0.00000000, 4785.59863281, 4886.35107422, 0.00000000, 4886.35107422, 4886.35107422, 4886.35107422, 0.00000000, 
4886.35107422, 4886.35107422, 0.00000000, 4886.35107422, 4886.35107422, 4886.35107422, 0.00000000, 4886.35107422, 0.00000000, 4886.35107422, 
0.00000000, 0.00000000, 0.00000000, 0.00000000, 4886.35107422, 4886.35107422, 4886.35107422, 4886.35107422, 0.00000000, 0.00000000, 
4886.35107422, 4886.35107422, 0.00000000, 4886.35107422, 4886.35107422, 0.00000000, 4886.35107422, 0.00000000, 4886.35107422, 4886.35107422, 
4886.35107422, 0.00000000, 0.00000000, 4886.35107422, 4886.35107422, 0.00000000, 0.00000000, 0.00000000, 4885.47314453, 0.00000000, 
0.00000000, 0.00000000, 0.00000000, 4883.89990234, 4883.89990234, 0.00000000, 4883.89990234, 0.00000000, 0.00000000, 4883.89990234, 
4883.89990234, 0.00000000, 0.00000000, 0.00000000, 4883.89990234, 4883.89990234, 0.00000000, 0.00000000, 0.00000000, 0.00000000, 
4883.89990234, 0.00000000, 4883.89990234, 4883.89990234, 4883.89990234, 0.00000000, 4883.89990234, 0.00000000, 4883.89990234, 4883.89990234, 


ID
0.00000000, 0.00000000, 0.00000000, 1.00000000, 2.00000000, 0.00000000, 3.00000000, 4.00000000, 5.00000000, 0.00000000, 
6.00000000, 7.00000000, 0.00000000, 0.00000000, 8.00000000, 9.00000000, 0.00000000, 10.00000000, 0.00000000, 0.00000000, 
0.00000000, 0.00000000, 0.00000000, 11.00000000, 12.00000000, 0.00000000, 13.00000000, 14.00000000, 15.00000000, 0.00000000, 
16.00000000, 17.00000000, 0.00000000, 18.00000000, 19.00000000, 20.00000000, 0.00000000, 21.00000000, 0.00000000, 22.00000000, 
0.00000000, 0.00000000, 0.00000000, 0.00000000, 23.00000000, 24.00000000, 25.00000000, 26.00000000, 0.00000000, 0.00000000, 
27.00000000, 28.00000000, 0.00000000, 29.00000000, 30.00000000, 0.00000000, 31.00000000, 0.00000000, 32.00000000, 33.00000000, 
34.00000000, 0.00000000, 0.00000000, 35.00000000, 36.00000000, 0.00000000, 0.00000000, 0.00000000, 37.00000000, 0.00000000, 
0.00000000, 0.00000000, 0.00000000, 38.00000000, 39.00000000, 0.00000000, 40.00000000, 0.00000000, 0.00000000, 41.00000000, 
42.00000000, 0.00000000, 0.00000000, 0.00000000, 43.00000000, 44.00000000, 0.00000000, 0.00000000, 0.00000000, 0.00000000, 
45.00000000, 0.00000000, 46.00000000, 47.00000000, 48.00000000, 0.00000000, 49.00000000, 0.00000000, 50.00000000, 51.00000000, 

Neurons malloc done
Spike Array malloc done
Synapses malloc done
0 1 0 1 0 1 1 0 1 1 1 1 0 1 0 1 0 0 0 0 0 0 0 0 0 0 0 0 0 1 1 0 1 1 0 1 1 1 0 1 1 1 1 1 1 1 1 1 1 1 0 1 0 1 1 0 0 0 1 0 1 0 1 0 1 1 0 1 0 1 1 1 1 1 1 0 0 0 0 0 1 0 1 0 0 1 1 0 0 1 0 0 0 1 0 1 0 1 0 1 CPU Time: 0.000137
Acceleration: 0.000000
vt
1.80000000e-02
1.80000000e-02
1.80000000e-02
1.80000000e-02
1.80000000e-02
1.80000000e-02
1.80000000e-02
1.80000000e-02
1.80000000e-02
1.80000000e-02

vm
-7.06000000e-02
-7.06000000e-02
-7.06000000e-02
-7.06000000e-02
-7.06000000e-02
-7.06000000e-02
-7.06000000e-02
-7.06000000e-02
-7.06000000e-02
-7.06000000e-02

I
4.88393701e+03
4.88637118e+03
4.88393701e+03
4.88393701e+03
4.88393701e+03
4.88393701e+03
4.88393701e+03
4.88637118e+03
4.88393701e+03
4.88393701e+03

x
3.19493749e-10
3.19493749e-10
3.19493749e-10
3.19493749e-10
3.19493749e-10
3.19493749e-10
3.19493749e-10
3.19493749e-10
3.19493749e-10
3.19493749e-10

Spike
1
1
1
1
1
1
1
1
1
1

conn
0 1 0 1 1 0 1 1 1 0 
1 1 0 0 1 1 0 1 0 0 
0 0 0 1 1 0 1 1 1 0 
1 1 0 1 1 1 0 1 0 1 
0 0 0 0 1 1 1 1 0 0 
1 1 0 1 1 0 1 0 1 1 
1 0 0 1 1 0 0 0 1 0 
0 0 0 1 1 0 1 0 0 1 
1 0 0 0 1 1 0 0 0 0 
1 0 1 1 1 0 1 0 1 1 

w
6.92752288e-310, 0.00000000e+00, 0.00000000e+00, 5.33421207e-02, 3.96767034e-01, 0.00000000e+00, 0.00000000e+00, 0.00000000e+00, 0.00000000e+00, 0.00000000e+00, 
0.00000000e+00, 0.00000000e+00, 0.00000000e+00, 0.00000000e+00, 0.00000000e+00, 0.00000000e+00, 0.00000000e+00, 0.00000000e+00, 0.00000000e+00, 0.00000000e+00, 
6.92752288e-310, 0.00000000e+00, 1.48219694e-322, 0.00000000e+00, 0.00000000e+00, 0.00000000e+00, 0.00000000e+00, 0.00000000e+00, 0.00000000e+00, 1.64834845e-316, 
0.00000000e+00, 0.00000000e+00, 1.26480805e-321, 0.00000000e+00, 0.00000000e+00, 0.00000000e+00, 1.26480805e-321, 0.00000000e+00, 1.26480805e-321, 0.00000000e+00, 
6.92752288e-310, 1.65190335e-316, 0.00000000e+00, 0.00000000e+00, 0.00000000e+00, 0.00000000e+00, 0.00000000e+00, 0.00000000e+00, 0.00000000e+00, 6.32404027e-322, 
0.00000000e+00, 0.00000000e+00, 0.00000000e+00, 0.00000000e+00, 0.00000000e+00, 0.00000000e+00, 0.00000000e+00, 1.63740232e-316, 0.00000000e+00, 0.00000000e+00, 
0.00000000e+00, 0.00000000e+00, 0.00000000e+00, 0.00000000e+00, 0.00000000e+00, 1.64261570e-316, 0.00000000e+00, 0.00000000e+00, 0.00000000e+00, 0.00000000e+00, 
6.92752288e-310, 0.00000000e+00, 0.00000000e+00, 0.00000000e+00, 0.00000000e+00, 0.00000000e+00, 0.00000000e+00, 0.00000000e+00, 5.43230922e-312, 0.00000000e+00, 
0.00000000e+00, 1.64949310e-316, 0.00000000e+00, 0.00000000e+00, 0.00000000e+00, 0.00000000e+00, 0.00000000e+00, 1.65022036e-316, 0.00000000e+00, 0.00000000e+00, 
0.00000000e+00, 0.00000000e+00, 0.00000000e+00, 0.00000000e+00, 0.00000000e+00, 1.65188359e-316, 0.00000000e+00, 0.00000000e+00, 0.00000000e+00, 0.00000000e+00, 

FFp
1.66062657e-316, 3.91146796e+00, 1.63980783e-316, 3.91146796e+00, 3.91146796e+00, 0.00000000e+00, 3.91146796e+00, 3.91146796e+00, 3.91146796e+00, 0.00000000e+00, 
3.91146796e+00, 3.91146796e+00, 0.00000000e+00, 0.00000000e+00, 3.91146796e+00, 3.91146796e+00, 1.65613967e-316, 3.91146796e+00, 0.00000000e+00, 0.00000000e+00, 
1.66077044e-316, 6.92752288e-310, 2.12199579e-314, 3.91146796e+00, 3.91146796e+00, 1.57359908e-320, 3.91146796e+00, 3.91146796e+00, 3.91146796e+00, 1.26480805e-321, 
3.91146796e+00, 3.91146796e+00, 1.65029625e-316, 3.91146796e+00, 3.91146796e+00, 3.91146796e+00, 0.00000000e+00, 3.91146796e+00, 1.65468039e-316, 3.91146796e+00, 
0.00000000e+00, 1.26480805e-321, 1.65253180e-316, 0.00000000e+00, 3.91146796e+00, 3.91146796e+00, 3.91146796e+00, 3.91146796e+00, 1.65671357e-316, 0.00000000e+00, 
3.91146796e+00, 3.91146796e+00, 1.63368142e-316, 3.91146796e+00, 3.91146796e+00, 0.00000000e+00, 3.91146796e+00, 0.00000000e+00, 3.91146796e+00, 3.91146796e+00, 
3.91146796e+00, 0.00000000e+00, 0.00000000e+00, 3.91146796e+00, 3.91146796e+00, 0.00000000e+00, 1.64309712e-316, 0.00000000e+00, 3.91146796e+00, 0.00000000e+00, 
0.00000000e+00, 0.00000000e+00, 0.00000000e+00, 3.91146796e+00, 3.91146796e+00, 0.00000000e+00, 3.91146796e+00, 0.00000000e+00, 0.00000000e+00, 3.91146796e+00, 
3.91146796e+00, 0.00000000e+00, 1.64997214e-316, 0.00000000e+00, 3.91146796e+00, 3.91146796e+00, 0.00000000e+00, 0.00000000e+00, 1.65025910e-316, 0.00000000e+00, 
3.91146796e+00, 0.00000000e+00, 3.91146796e+00, 3.91146796e+00, 3.91146796e+00, 0.00000000e+00, 3.91146796e+00, 0.00000000e+00, 3.91146796e+00, 3.91146796e+00, 

FBp
1.66062657e-316, 3.97406731e+00, 4.94065646e-324, 4.96111972e+00, 5.94817212e+00, 0.00000000e+00, 6.93522453e+00, 7.92227693e+00, 8.90932934e+00, 1.65031680e-316, 
9.89638174e+00, 1.08834341e+01, 0.00000000e+00, 0.00000000e+00, 1.18704866e+01, 1.28575390e+01, 1.26480805e-321, 1.38445914e+01, 0.00000000e+00, 0.00000000e+00, 
1.66077044e-316, 2.12199579e-314, 1.65964476e-316, 1.48316438e+01, 1.58186962e+01, 1.63979123e-316, 1.68057486e+01, 1.77928010e+01, 1.87798534e+01, 0.00000000e+00, 
1.97669058e+01, 2.07539582e+01, 4.94065646e-324, 2.17410106e+01, 2.27280630e+01, 2.37151154e+01, 0.00000000e+00, 2.47021678e+01, 4.94065646e-324, 2.56892202e+01, 
0.00000000e+00, 1.65671357e-316, 4.94065646e-324, 1.65270571e-316, 2.66762726e+01, 2.76633250e+01, 2.86503774e+01, 2.96374298e+01, 4.94065646e-324, 1.65685270e-316, 
3.06244822e+01, 3.16115346e+01, 0.00000000e+00, 3.25985871e+01, 3.35856395e+01, 0.00000000e+00, 3.45726919e+01, 0.00000000e+00, 3.55597443e+01, 3.65467967e+01, 
3.75338491e+01, 1.63982601e-316, 0.00000000e+00, 3.85209015e+01, 3.95079539e+01, 0.00000000e+00, 0.00000000e+00, 1.64313270e-316, 4.04950063e+01, 0.00000000e+00, 
0.00000000e+00, 0.00000000e+00, 0.00000000e+00, 4.14820587e+01, 4.24691111e+01, 1.64838402e-316, 4.34561635e+01, 0.00000000e+00, 0.00000000e+00, 4.44432159e+01, 
4.54302683e+01, 0.00000000e+00, 0.00000000e+00, 1.65005278e-316, 4.64173207e+01, 4.74043731e+01, 0.00000000e+00, 0.00000000e+00, 0.00000000e+00, 1.65033341e-316, 
4.83914255e+01, 1.65041483e-316, 4.93784779e+01, 5.03655303e+01, 5.13525827e+01, 0.00000000e+00, 5.23396351e+01, 1.65197291e-316, 5.33266876e+01, 5.43137400e+01, 

FBn
0.00000000e+00, 3.82289208e+00, 0.00000000e+00, 4.73523156e+00, 5.64757104e+00, 0.00000000e+00, 6.55991052e+00, 7.47225000e+00, 8.38458949e+00, 1.26974871e-321, 
9.29692897e+00, 1.02092684e+01, 1.65265117e-316, 0.00000000e+00, 1.11216079e+01, 1.20339474e+01, 0.00000000e+00, 1.29462869e+01, 1.65678630e-316, 0.00000000e+00, 
0.00000000e+00, 0.00000000e+00, 0.00000000e+00, 1.38586264e+01, 1.47709659e+01, 6.92752288e-310, 1.56833053e+01, 1.65956448e+01, 1.75079843e+01, 1.26575255e+266, 
1.84203238e+01, 1.93326633e+01, 0.00000000e+00, 2.02450027e+01, 2.11573422e+01, 2.20696817e+01, 1.64853580e-316, 2.29820212e+01, 0.00000000e+00, 2.38943607e+01, 
0.00000000e+00, 4.94065646e-324, 1.65685270e-316, 1.26480805e-321, 2.48067002e+01, 2.57190396e+01, 2.66313791e+01, 2.75437186e+01, 1.65845901e-316, 4.94065646e-324, 
2.84560581e+01, 2.93683976e+01, 0.00000000e+00, 3.02807371e+01, 3.11930765e+01, 0.00000000e+00, 3.21054160e+01, 0.00000000e+00, 3.30177555e+01, 3.39300950e+01, 
3.48424345e+01, 0.00000000e+00, 1.64075011e-316, 3.57547739e+01, 3.66671134e+01, 0.00000000e+00, 0.00000000e+00, 0.00000000e+00, 3.75794529e+01, 0.00000000e+00, 
1.64503149e-316, 0.00000000e+00, 0.00000000e+00, 3.84917924e+01, 3.94041319e+01, 0.00000000e+00, 4.03164714e+01, 0.00000000e+00, 0.00000000e+00, 4.12288108e+01, 
4.21411503e+01, 0.00000000e+00, 0.00000000e+00, 0.00000000e+00, 4.30534898e+01, 4.39658293e+01, 0.00000000e+00, 0.00000000e+00, 0.00000000e+00, 0.00000000e+00, 
4.48781688e+01, 0.00000000e+00, 4.57905082e+01, 4.67028477e+01, 4.76151872e+01, 0.00000000e+00, 4.85275267e+01, 5.43230922e-312, 4.94398662e+01, 5.03522057e+01, 

R
0.00000000e+00, 3.02005798e-04, 0.00000000e+00, 1.86587383e-05, 4.38977520e-05, 1.64834845e-316, 9.36648458e-05, 1.51376388e-04, 1.77643427e-04, 0.00000000e+00, 
1.99416591e-04, 1.99416591e-04, 1.26480805e-321, 1.65272231e-316, 1.99416591e-04, 1.99416591e-04, 0.00000000e+00, 1.99416591e-04, 1.26480805e-321, 1.65744321e-316, 
0.00000000e+00, 0.00000000e+00, 6.92752288e-310, 1.99416591e-04, 1.99416591e-04, 0.00000000e+00, 1.99416591e-04, 1.99416591e-04, 1.99416591e-04, 2.51313104e+180, 
1.99416591e-04, 1.99416591e-04, 0.00000000e+00, 1.99416591e-04, 1.99416591e-04, 1.99416591e-04, 4.94065646e-324, 1.99416591e-04, 0.00000000e+00, 1.99416591e-04, 
0.00000000e+00, 0.00000000e+00, 4.94065646e-324, 1.65752779e-316, 1.99416591e-04, 1.99416591e-04, 1.99416591e-04, 1.99416591e-04, 4.94065646e-324, 1.65853173e-316, 
1.99416591e-04, 1.99416591e-04, 0.00000000e+00, 1.99416591e-04, 1.99416591e-04, 1.63601657e-316, 1.99416591e-04, 0.00000000e+00, 1.99416591e-04, 1.99416591e-04, 
1.99416591e-04, 0.00000000e+00, 0.00000000e+00, 1.99416591e-04, 1.99416591e-04, 0.00000000e+00, 0.00000000e+00, 0.00000000e+00, 2.36653305e-04, 1.64455402e-316, 
0.00000000e+00, 1.64510501e-316, 0.00000000e+00, 3.02005798e-04, 3.02005798e-04, 0.00000000e+00, 3.02005798e-04, 1.64846149e-316, 0.00000000e+00, 3.02005798e-04, 
3.02005798e-04, 0.00000000e+00, 0.00000000e+00, 0.00000000e+00, 3.02005798e-04, 3.02005798e-04, 0.00000000e+00, 0.00000000e+00, 0.00000000e+00, 0.00000000e+00, 
3.02005798e-04, 0.00000000e+00, 3.02005798e-04, 3.02005798e-04, 3.02005798e-04, 0.00000000e+00, 3.02005798e-04, 0.00000000e+00, 3.02005798e-04, 3.02005798e-04, 

u
1.63836279e-316, 9.41764534e-01, 0.00000000e+00, 9.98882415e-01, 9.94222047e-01, 1.26480805e-321, 9.81337584e-01, 9.69961143e-01, 9.64926179e-01, 0.00000000e+00, 
9.60789439e-01, 9.60789439e-01, 0.00000000e+00, 1.26974871e-321, 9.60789439e-01, 9.60789439e-01, 0.00000000e+00, 9.60789439e-01, 0.00000000e+00, 4.94065646e-324, 
0.00000000e+00, 1.66078230e-316, 0.00000000e+00, 9.60789439e-01, 9.60789439e-01, 0.00000000e+00, 9.60789439e-01, 9.60789439e-01, 9.60789439e-01, 1.64156733e+55, 
9.60789439e-01, 9.60789439e-01, 1.63980783e-316, 9.60789439e-01, 9.60789439e-01, 9.60789439e-01, 1.65270571e-316, 9.60789439e-01, 1.65008993e-316, 9.60789439e-01, 
1.65142826e-316, 0.00000000e+00, 0.00000000e+00, 4.94065646e-324, 9.60789439e-01, 9.60789439e-01, 9.60789439e-01, 9.60789439e-01, 0.00000000e+00, 1.26480805e-321, 
9.60789439e-01, 9.60789439e-01, 0.00000000e+00, 9.60789439e-01, 9.60789439e-01, 0.00000000e+00, 9.60789439e-01, 0.00000000e+00, 9.60789439e-01, 9.60789439e-01, 
9.60789439e-01, 0.00000000e+00, 0.00000000e+00, 9.60789439e-01, 9.60789439e-01, 0.00000000e+00, 0.00000000e+00, 0.00000000e+00, 9.53798072e-01, 0.00000000e+00, 
0.00000000e+00, 0.00000000e+00, 1.64648207e-316, 9.41764534e-01, 9.41764534e-01, 0.00000000e+00, 9.41764534e-01, 0.00000000e+00, 1.64849943e-316, 9.41764534e-01, 
9.41764534e-01, 0.00000000e+00, 0.00000000e+00, 0.00000000e+00, 9.41764534e-01, 9.41764534e-01, 1.65020139e-316, 0.00000000e+00, 0.00000000e+00, 0.00000000e+00, 
9.41764534e-01, 0.00000000e+00, 9.41764534e-01, 9.41764534e-01, 9.41764534e-01, 0.00000000e+00, 9.41764534e-01, 0.00000000e+00, 9.41764534e-01, 9.41764534e-01, 

U
1.26480805e-321, 0.00000000e+00, 0.00000000e+00, 7.00761768e-01, 3.41425174e-01, 0.00000000e+00, 0.00000000e+00, 0.00000000e+00, 0.00000000e+00, 0.00000000e+00, 
0.00000000e+00, 0.00000000e+00, 0.00000000e+00, 0.00000000e+00, 0.00000000e+00, 0.00000000e+00, 0.00000000e+00, 0.00000000e+00, 0.00000000e+00, 0.00000000e+00, 
0.00000000e+00, -nan, 0.00000000e+00, 0.00000000e+00, 0.00000000e+00, 1.66081471e-316, 0.00000000e+00, 0.00000000e+00, 0.00000000e+00, 1.64853580e-316, 
0.00000000e+00, 0.00000000e+00, 4.94065646e-324, 0.00000000e+00, 0.00000000e+00, 0.00000000e+00, 1.26480805e-321, 0.00000000e+00, 4.94065646e-324, 0.00000000e+00, 
1.26480805e-321, 1.65199426e-316, 0.00000000e+00, 0.00000000e+00, 0.00000000e+00, 0.00000000e+00, 0.00000000e+00, 0.00000000e+00, 0.00000000e+00, 0.00000000e+00, 
0.00000000e+00, 0.00000000e+00, 0.00000000e+00, 0.00000000e+00, 0.00000000e+00, 0.00000000e+00, 0.00000000e+00, 1.63742209e-316, 0.00000000e+00, 0.00000000e+00, 
0.00000000e+00, 0.00000000e+00, 0.00000000e+00, 0.00000000e+00, 0.00000000e+00, 1.64263547e-316, 0.00000000e+00, 0.00000000e+00, 0.00000000e+00, 0.00000000e+00, 
0.00000000e+00, 0.00000000e+00, 0.00000000e+00, 0.00000000e+00, 0.00000000e+00, 0.00000000e+00, 0.00000000e+00, 0.00000000e+00, 5.43230922e-312, 0.00000000e+00, 
0.00000000e+00, 1.64995475e-316, 0.00000000e+00, 0.00000000e+00, 0.00000000e+00, 0.00000000e+00, 0.00000000e+00, 1.65024013e-316, 0.00000000e+00, 0.00000000e+00, 
0.00000000e+00, 0.00000000e+00, 0.00000000e+00, 0.00000000e+00, 0.00000000e+00, 1.65191995e-316, 0.00000000e+00, 0.00000000e+00, 0.00000000e+00, 0.00000000e+00, 

A
0.00000000e+00, 0.00000000e+00, 1.64453584e-316, 7.61201926e-02, 1.16209074e+00, 0.00000000e+00, 1.33844379e+00, 1.41514434e+00, 1.49184489e+00, 0.00000000e+00, 
1.56854544e+00, 1.64524599e+00, 0.00000000e+00, 0.00000000e+00, 1.72194654e+00, 1.79864709e+00, 1.65615785e-316, 1.87534764e+00, 0.00000000e+00, 0.00000000e+00, 
0.00000000e+00, 0.00000000e+00, 0.00000000e+00, 1.95204819e+00, 2.00000000e+00, 6.92752288e-310, 2.00000000e+00, 2.00000000e+00, 2.00000000e+00, 6.98613374e+228, 
2.00000000e+00, 2.00000000e+00, 1.65031680e-316, 2.00000000e+00, 2.00000000e+00, 2.00000000e+00, 0.00000000e+00, 2.00000000e+00, 1.65525114e-316, 2.00000000e+00, 
1.65617366e-316, 1.26974871e-321, 1.65265117e-316, 0.00000000e+00, 2.00000000e+00, 2.00000000e+00, 2.00000000e+00, 2.00000000e+00, 1.65678630e-316, 0.00000000e+00, 
2.00000000e+00, 2.00000000e+00, 1.63414307e-316, 2.00000000e+00, 2.00000000e+00, 0.00000000e+00, 2.00000000e+00, 0.00000000e+00, 2.00000000e+00, 2.00000000e+00, 
2.00000000e+00, 0.00000000e+00, 0.00000000e+00, 2.00000000e+00, 2.00000000e+00, 0.00000000e+00, 1.64311372e-316, 0.00000000e+00, 2.00000000e+00, 0.00000000e+00, 
0.00000000e+00, 0.00000000e+00, 0.00000000e+00, 2.00000000e+00, 2.00000000e+00, 0.00000000e+00, 2.00000000e+00, 0.00000000e+00, 0.00000000e+00, 2.00000000e+00, 
2.00000000e+00, 0.00000000e+00, 1.65001404e-316, 0.00000000e+00, 2.00000000e+00, 2.00000000e+00, 0.00000000e+00, 0.00000000e+00, 1.65027728e-316, 0.00000000e+00, 
2.00000000e+00, 0.00000000e+00, 2.00000000e+00, 2.00000000e+00, 2.00000000e+00, 0.00000000e+00, 2.00000000e+00, 0.00000000e+00, 2.00000000e+00, 2.00000000e+00, 

lastupdate
0.000000, 0.003000, 0.000000, 0.003000, 0.003000, 0.000000, 0.003000, 0.003000, 0.003000, 0.000000, 
0.003000, 0.003000, 0.000000, 0.000000, 0.003000, 0.003000, 0.000000, 0.003000, 0.000000, 0.000000, 
0.000000, 0.000000, 0.000000, 0.003000, 0.003000, 0.000000, 0.003000, 0.003000, 0.003000, 0.000000, 
0.003000, 0.003000, 0.000000, 0.003000, 0.003000, 0.003000, 0.000000, 0.003000, 0.000000, 0.003000, 
0.000000, 0.000000, 0.000000, 0.000000, 0.003000, 0.003000, 0.003000, 0.003000, 0.000000, 0.000000, 
0.003000, 0.003000, 0.000000, 0.003000, 0.003000, 0.000000, 0.003000, 0.000000, 0.003000, 0.003000, 
0.003000, 0.000000, 0.000000, 0.003000, 0.003000, 0.000000, 0.000000, 0.000000, 0.003000, 0.000000, 
0.000000, 0.000000, 0.000000, 0.003000, 0.003000, 0.000000, 0.003000, 0.000000, 0.000000, 0.003000, 
0.003000, 0.000000, 0.000000, 0.000000, 0.003000, 0.003000, 0.000000, 0.000000, 0.000000, 0.000000, 
0.003000, 0.000000, 0.003000, 0.003000, 0.003000, 0.000000, 0.003000, 0.000000, 0.003000, 0.003000, 

target_I
0.00000000e+00, 0.00000000e+00, 0.00000000e+00, 1.02940862e+03, 3.63670190e+03, 0.00000000e+00, 3.96433254e+03, 4.04094662e+03, 4.14689471e+03, 1.26480805e-321, 
4.25276221e+03, 4.35933336e+03, 1.65270571e-316, 0.00000000e+00, 4.46590450e+03, 4.57247565e+03, 0.00000000e+00, 4.67904680e+03, 1.65685270e-316, 0.00000000e+00, 
0.00000000e+00, 0.00000000e+00, 0.00000000e+00, 4.78561795e+03, 4.88637118e+03, 4.94065646e-324, 4.88637118e+03, 4.88637118e+03, 4.88637118e+03, 2.76217459e+257, 
4.88637118e+03, 4.88637118e+03, 0.00000000e+00, 4.88637118e+03, 4.88637118e+03, 4.88637118e+03, 1.64999428e-316, 4.88637118e+03, 0.00000000e+00, 4.88637118e+03, 
0.00000000e+00, 1.26480805e-321, 1.65744321e-316, 1.26974871e-321, 4.88637118e+03, 4.88637118e+03, 4.88637118e+03, 4.88637118e+03, 1.65851513e-316, 4.94065646e-324, 
4.88637118e+03, 4.88637118e+03, 0.00000000e+00, 4.88637118e+03, 4.88637118e+03, 0.00000000e+00, 4.88637118e+03, 0.00000000e+00, 4.88637118e+03, 4.88637118e+03, 
4.88637118e+03, 0.00000000e+00, 1.64121256e-316, 4.88637118e+03, 4.88637118e+03, 0.00000000e+00, 0.00000000e+00, 0.00000000e+00, 4.88549882e+03, 0.00000000e+00, 
1.64508840e-316, 0.00000000e+00, 0.00000000e+00, 4.88393701e+03, 4.88393701e+03, 0.00000000e+00, 4.88393701e+03, 0.00000000e+00, 0.00000000e+00, 4.88393701e+03, 
4.88393701e+03, 0.00000000e+00, 0.00000000e+00, 0.00000000e+00, 4.88393701e+03, 4.88393701e+03, 0.00000000e+00, 0.00000000e+00, 0.00000000e+00, 0.00000000e+00, 
4.88393701e+03, 0.00000000e+00, 4.88393701e+03, 4.88393701e+03, 4.88393701e+03, 0.00000000e+00, 4.88393701e+03, 0.00000000e+00, 4.88393701e+03, 4.88393701e+03, 

Neurons vt: Average error= 0.00000000e+00 Relative Average Error= -nan
Neurons vm: Average error= 3.00407410e-09 Relative Average Error= -4.25506247e-08
Neurons I: Average error= 3.37039454e-02 Relative Average Error= 6.90029090e-06
Neurons x: Average error= -1.54977202e-17 Relative Average Error= -4.85071154e-08
Neurons Spikes: Average error= 0.00000000e+00 Relative Average Error= 0.00000000e+00
Synapses w: Average error= 1.27320054e-09 Relative Average Error= 2.82864840e-07
Synapses FFp: Average error= -3.61128386e-08 Relative Average Error= -1.77549113e-08
Synapses FBp: Average error= 8.74000216e-08 Relative Average Error= 5.76713973e-09
Synapses FBn: Average error= 1.26575255e+264 Relative Average Error= 1.00000000e+00
sum_CPU = 2.51313104e+180, sum_DFE = 1.14346147e-02
Synapses R: Average error= 2.51313104e+178 Relative Average Error= 1.00000000e+00
Synapses u: Average error= 1.64156733e+53 Relative Average Error= 1.00000000e+00
sum_CPU = -nan, sum_DFE = 1.04218692e+00
Synapses U: Average error= -nan Relative Average Error= -nan
Synapses A: Average error= 6.98613374e+226 Relative Average Error= 1.00000000e+00
